47 0.8140625 0.56171875 0.35 0.2921875
115 0.778125 0.39140625 0.178125 0.0734375
52 0.75546875 0.31015625 0.1546875 0.1171875
63 0.821875 0.23828125 0.2890625 0.0671875
9 0.528125 0.65859375 0.1875 0.05
9 0.5 0.63515625 0.234375 0.0328125
9 0.49453125 0.6015625 0.2109375 0.034375
58 0.50546875 0.51171875 0.1453125 0.0390625
76 0.46953125 0.403125 0.2046875 0.0875
76 0.58046875 0.403125 0.1390625 0.034375
76 0.471875 0.36015625 0.234375 0.0671875
52 0.45859375 0.3046875 0.2046875 0.140625
80 0.19140625 0.28984375 0.2328125 0.1390625
6 0.18046875 0.3765625 0.2453125 0.078125
6 0.1890625 0.453125 0.221875 0.08125
6 0.271875 0.3953125 0.065625 0.0703125
22 0.253125 0.58828125 0.1 0.196875
16 0.0890625 0.525 0.178125 0.115625
17 0.075 0.41171875 0.15 0.1109375
64 0.09140625 0.634375 0.1828125 0.084375