9 0.84140625 0.08828125 0.3171875 0.1765625
9 0.74609375 0.0546875 0.2609375 0.109375
9 0.65546875 0.13203125 0.128125 0.0703125
9 0.625 0.0515625 0.065625 0.1
115 0.4640625 0.08671875 0.1609375 0.1609375
115 0.31640625 0.09140625 0.15 0.15
52 0.078125 0.2796875 0.15625 0.153125
52 0.053125 0.4265625 0.10625 0.146875
7 0.38046875 0.428125 0.6171875 0.2234375
64 0.44453125 0.31171875 0.178125 0.1265625
45 0.76953125 0.35703125 0.4609375 0.3328125
22 0.2890625 0.64140625 0.35 0.1734375
110 0.5859375 0.33828125 0.1 0.0828125
16 0.125 0.88359375 0.25 0.1734375
76 0.75859375 0.9546875 0.1328125 0.090625
76 0.825 0.928125 0.115625 0.14375