110 0.92734375 0.39609375 0.1453125 0.0734375
110 0.78046875 0.4796875 0.1671875 0.0671875
110 0.7640625 0.3796875 0.184375 0.0609375
110 0.653125 0.4046875 0.128125 0.0640625
110 0.76953125 0.43359375 0.1453125 0.040625
95 0.92734375 0.4609375 0.1453125 0.096875
20 0.9078125 0.56953125 0.184375 0.0390625
20 0.78359375 0.53359375 0.2890625 0.0296875
20 0.74140625 0.5515625 0.25 0.046875
20 0.703125 0.61640625 0.1171875 0.0203125
58 0.94453125 0.71640625 0.1109375 0.0796875
58 0.8390625 0.68984375 0.15625 0.053125
95 0.146875 0.63515625 0.29375 0.1296875
76 0.05 0.38203125 0.1 0.103125
16 0.03359375 0.68671875 0.0671875 0.09375