63 0.08046875 0.60859375 0.1609375 0.05
52 0.10859375 0.5453125 0.1390625 0.0828125
115 0.103125 0.478125 0.15625 0.04375
6 0.103125 0.35703125 0.20625 0.0671875
111 0.096875 0.30234375 0.19375 0.0609375
9 0.371875 0.33671875 0.1453125 0.0390625
58 0.34453125 0.403125 0.134375 0.046875
7 0.3609375 0.35703125 0.2 0.046875
76 0.3390625 0.521875 0.178125 0.05
52 0.321875 0.575 0.171875 0.0734375
80 0.54140625 0.5765625 0.1953125 0.0875
6 0.54140625 0.503125 0.1390625 0.053125
16 0.8390625 0.41171875 0.265625 0.090625
64 0.85859375 0.33515625 0.278125 0.0671875
17 0.778125 0.50703125 0.234375 0.09375
95 0.95546875 0.546875 0.0890625 0.09375
76 0.346875 0.48828125 0.171875 0.0640625
76 0.28359375 0.496875 0.121875 0.034375
6 0.5609375 0.45859375 0.1671875 0.0578125
9 0.36640625 0.31171875 0.2109375 0.0234375
9 0.34453125 0.29140625 0.178125 0.0328125
45 0.571875 0.6953125 0.4 0.0875
45 0.69140625 0.76171875 0.5953125 0.0765625