104 0.74296875 0.56328125 0.115625 0.134375
38 0.3265625 0.5859375 0.125 0.1171875
9 0.63125 0.60546875 0.203125 0.0859375
99 0.4453125 0.628125 0.134375 0.046875
51 0.3359375 0.84609375 0.0546875 0.0984375
71 0.45390625 0.8515625 0.1890625 0.0921875
28 0.70078125 0.85703125 0.071875 0.0671875
14 0.575 0.903125 0.14375 0.084375
60 0.74375 0.90546875 0.1578125 0.090625
50 0.39453125 0.93828125 0.234375 0.096875
38 0.33125 0.1796875 0.1640625 0.1453125
85 0.70625 0.2140625 0.16875 0.0609375
64 0.334375 0.4125 0.103125 0.175
104 0.72890625 0.41796875 0.1171875 0.1296875
47 0.52421875 0.4640625 0.246875 0.0609375