20 0.62734375 0.478125 0.1125 0.0390625
18 0.70859375 0.59375 0.178125 0.1
9 0.54609375 0.60390625 0.2140625 0.1015625
28 0.34921875 0.60078125 0.08125 0.0671875
71 0.74609375 0.88125 0.1453125 0.121875
105 0.56484375 0.88984375 0.14375 0.1390625
85 0.359375 0.88359375 0.1765625 0.1203125
101 0.36953125 0.15546875 0.190625 0.175
22 0.52734375 0.2171875 0.09375 0.0484375
41 0.81171875 0.2296875 0.1109375 0.05
99 0.68515625 0.23671875 0.1375 0.03125
47 0.78984375 0.4296875 0.15625 0.146875
51 0.3421875 0.4296875 0.0640625 0.1171875
103 0.57578125 0.44453125 0.125 0.096875
110 0.446875 0.446875 0.15625 0.06875
20 0.74921875 0.46796875 0.134375 0.071875