38 0.628125 0.565625 0.125 0.109375
24 0.4203125 0.59375 0.190625 0.0921875
11 0.778125 0.60390625 0.14375 0.0625
22 0.596875 0.60859375 0.0734375 0.0625
104 0.39140625 0.82578125 0.1015625 0.13125
60 0.6203125 0.85234375 0.0984375 0.04375
60 0.5328125 0.859375 0.059375 0.040625
99 0.7640625 0.92109375 0.1296875 0.071875
64 0.396875 0.17109375 0.121875 0.15625
16 0.51640625 0.21875 0.140625 0.0515625
34 0.80390625 0.21953125 0.1203125 0.0453125
20 0.6609375 0.2359375 0.16875 0.0203125
6 0.478125 0.43203125 0.2265625 0.040625
48 0.47734375 0.46015625 0.25625 0.0484375