22 0.52734375 0.59765625 0.1453125 0.0640625
34 0.734375 0.59609375 0.125 0.0546875
64 0.375 0.60234375 0.1046875 0.0953125
101 0.44375 0.80390625 0.2390625 0.146875
99 0.75078125 0.8515625 0.1296875 0.0703125
11 0.5796875 0.88515625 0.21875 0.1125
85 0.38125 0.89609375 0.1359375 0.0859375
110 0.61875 0.209375 0.1703125 0.0640625
14 0.7859375 0.2171875 0.15625 0.046875
20 0.41875 0.22734375 0.2421875 0.0359375
104 0.71015625 0.43984375 0.1984375 0.0828125
48 0.471875 0.46015625 0.290625 0.0609375