38 0.63515625 0.5609375 0.1078125 0.103125
47 0.79140625 0.59921875 0.184375 0.0828125
110 0.54140625 0.609375 0.1421875 0.059375
71 0.60546875 0.86328125 0.1421875 0.1203125
24 0.42890625 0.87265625 0.175 0.1046875
105 0.79921875 0.89375 0.1796875 0.09375
103 0.78046875 0.209375 0.1359375 0.071875
16 0.60546875 0.21484375 0.153125 0.053125
20 0.41640625 0.228125 0.2046875 0.0453125
64 0.42421875 0.39375 0.09375 0.1390625
22 0.4515625 0.45 0.1484375 0.0515625
6 0.82578125 0.45234375 0.1296875 0.078125