104 0.5328125 0.57109375 0.10625 0.1328125
18 0.371875 0.59765625 0.1765625 0.096875
9 0.68125 0.615625 0.1890625 0.0734375
71 0.67421875 0.8734375 0.1421875 0.128125
67 0.528125 0.87265625 0.1171875 0.1078125
6 0.78984375 0.8859375 0.1171875 0.1140625
60 0.3578125 0.878125 0.14375 0.08125
101 0.7328125 0.21015625 0.2546875 0.0828125
47 0.540625 0.21328125 0.2015625 0.0671875
28 0.38984375 0.21484375 0.0796875 0.053125
110 0.38671875 0.44765625 0.153125 0.059375
85 0.65390625 0.4546875 0.2671875 0.071875