71 0.70703125 0.58203125 0.1625 0.0890625
11 0.36953125 0.596875 0.15625 0.0484375
99 0.57265625 0.63203125 0.16875 0.0625
110 0.3859375 0.878125 0.1609375 0.1
24 0.72734375 0.8921875 0.2 0.1203125
22 0.55390625 0.8875 0.1078125 0.0890625
18 0.74296875 0.20625 0.1515625 0.0796875
101 0.6125 0.2078125 0.296875 0.0921875
28 0.821875 0.221875 0.0890625 0.065625
14 0.375 0.2171875 0.1640625 0.0484375
103 0.50234375 0.43828125 0.1453125 0.08125
67 0.35546875 0.43984375 0.1234375 0.090625
47 0.73125 0.47109375 0.2859375 0.0734375