104 0.740625 0.5609375 0.1125 0.134375
38 0.34296875 0.58515625 0.1109375 0.128125
71 0.459375 0.60234375 0.1515625 0.1046875
110 0.6109375 0.61015625 0.153125 0.0875
28 0.75390625 0.61328125 0.08125 0.0671875
18 0.690625 0.82734375 0.15625 0.1046875
51 0.3421875 0.846875 0.059375 0.1
9 0.56171875 0.878125 0.1796875 0.1
50 0.3953125 0.940625 0.2328125 0.096875
64 0.51171875 0.16328125 0.1109375 0.190625
104 0.36875 0.18203125 0.125 0.1296875
14 0.73125 0.21875 0.153125 0.04375
105 0.5109375 0.45078125 0.209375 0.0875
85 0.72890625 0.4484375 0.171875 0.06875
41 0.353125 0.4609375 0.09375 0.05625