26 0.421875 0.475 0.2375 0.04375
105 0.76171875 0.60390625 0.1765625 0.0984375
67 0.596875 0.6046875 0.153125 0.08125
22 0.42734375 0.60234375 0.1375 0.0625
103 0.52578125 0.85546875 0.1421875 0.1015625
47 0.71484375 0.8796875 0.2484375 0.109375
16 0.38671875 0.8703125 0.1375 0.0921875
38 0.8140625 0.20078125 0.1765625 0.115625
99 0.6625 0.2359375 0.18125 0.03125
51 0.75390625 0.4296875 0.0625 0.10625
85 0.46484375 0.43828125 0.1859375 0.075
28 0.5875 0.45390625 0.0828125 0.075
101 0.71328125 0.4625 0.303125 0.08125