14 0.7125 0.471875 0.125 0.04375
38 0.4140625 0.5625 0.15625 0.1203125
24 0.75546875 0.6078125 0.203125 0.0984375
20 0.5546875 0.61328125 0.228125 0.08125
9 0.78359375 0.88046875 0.178125 0.1125
50 0.39609375 0.9046875 0.1828125 0.078125
28 0.6265625 0.92109375 0.0984375 0.0890625
85 0.41484375 0.20703125 0.1671875 0.05625
22 0.590625 0.2140625 0.0828125 0.053125
41 0.72109375 0.22578125 0.1171875 0.0609375
60 0.8078125 0.2328125 0.1375 0.046875
101 0.4078125 0.40703125 0.25625 0.175
110 0.5703125 0.44609375 0.1421875 0.08125