20 0.6234375 0.47265625 0.1 0.04375
18 0.634375 0.5515625 0.15625 0.046875
103 0.41015625 0.57578125 0.1578125 0.059375
28 0.771875 0.5828125 0.0703125 0.0578125
67 0.6546875 0.59609375 0.2046875 0.096875
41 0.821875 0.6203125 0.1203125 0.059375
99 0.42421875 0.63203125 0.1578125 0.046875
104 0.78203125 0.82265625 0.1046875 0.1015625
14 0.53671875 0.84296875 0.1109375 0.0734375
85 0.4109375 0.85703125 0.14375 0.09375
48 0.765625 0.90546875 0.171875 0.08125
60 0.3734375 0.928125 0.1546875 0.084375
50 0.54921875 0.95703125 0.1953125 0.0828125
101 0.33203125 0.16328125 0.1796875 0.1796875
104 0.775 0.17578125 0.1 0.1359375
71 0.66171875 0.17890625 0.115625 0.05
51 0.82421875 0.18203125 0.065625 0.115625
105 0.6625 0.20703125 0.2453125 0.0828125
110 0.48125 0.21328125 0.1625 0.059375
38 0.51328125 0.4109375 0.13125 0.13125
47 0.7828125 0.4140625 0.1734375 0.146875
38 0.64609375 0.42109375 0.1515625 0.1
6 0.39609375 0.44453125 0.1609375 0.0484375
22 0.4234375 0.45546875 0.1453125 0.053125
20 0.740625 0.459375 0.13125 0.0671875