71 0.50234375 0.5875 0.1453125 0.1
67 0.35625 0.6046875 0.1546875 0.103125
9 0.6453125 0.61875 0.1765625 0.0703125
60 0.709375 0.87578125 0.0625 0.0390625
60 0.79609375 0.8875 0.0859375 0.08125
6 0.60078125 0.89296875 0.10625 0.1046875
101 0.4203125 0.89609375 0.278125 0.1546875
6 0.73828125 0.91328125 0.096875 0.0703125
24 0.7703125 0.20703125 0.2234375 0.084375
14 0.35859375 0.2234375 0.128125 0.0375
99 0.51796875 0.23046875 0.14375 0.0421875
103 0.37421875 0.43046875 0.13125 0.06875
48 0.571875 0.45625 0.190625 0.05
22 0.68515625 0.46015625 0.1109375 0.0578125
20 0.346875 0.46328125 0.178125 0.078125