47 0.6390625 0.5578125 0.25 0.0828125
101 0.62421875 0.5953125 0.2484375 0.103125
99 0.3109375 0.59375 0.1265625 0.0453125
71 0.2765625 0.86328125 0.125 0.1
14 0.43671875 0.87421875 0.1609375 0.0625
51 0.44765625 0.19375 0.05625 0.103125
103 0.29609375 0.1984375 0.165625 0.08125
110 0.55625 0.21171875 0.1640625 0.0765625
9 0.68046875 0.2234375 0.1375 0.0625
38 0.3015625 0.42734375 0.1078125 0.103125
67 0.43671875 0.43828125 0.1359375 0.0875
18 0.6890625 0.4515625 0.20625 0.1046875
28 0.534375 0.4609375 0.08125 0.065625