24 0.75546875 0.59453125 0.2109375 0.1
110 0.5640625 0.603125 0.1640625 0.0984375
14 0.375 0.625 0.125 0.0453125
101 0.79765625 0.840625 0.165625 0.228125
67 0.67421875 0.85859375 0.1546875 0.1
50 0.4234375 0.91171875 0.1828125 0.084375
22 0.57109375 0.20859375 0.0859375 0.053125
41 0.703125 0.2078125 0.10625 0.0484375
60 0.7953125 0.21328125 0.128125 0.0484375
51 0.7390625 0.40234375 0.0640625 0.075
18 0.39453125 0.43125 0.1890625 0.0796875
47 0.77734375 0.43671875 0.19375 0.0984375
20 0.61640625 0.453125 0.190625 0.0671875
105 0.39453125 0.4640625 0.259375 0.090625