14 0.46484375 0.471875 0.134375 0.046875
20 0.6171875 0.46953125 0.1125 0.0359375
38 0.44453125 0.5484375 0.146875 0.10625
18 0.5921875 0.5703125 0.1734375 0.0859375
28 0.7671875 0.58046875 0.090625 0.0671875
24 0.4484375 0.6109375 0.296875 0.1125
48 0.71796875 0.61171875 0.2390625 0.0609375
64 0.7671875 0.81640625 0.090625 0.15
85 0.41640625 0.846875 0.1515625 0.071875
64 0.81953125 0.840625 0.1109375 0.175
105 0.5609375 0.85234375 0.1375 0.0765625
104 0.68515625 0.85859375 0.1125 0.1421875
50 0.40078125 0.915625 0.2 0.09375
9 0.78984375 0.9109375 0.203125 0.13125
11 0.55 0.9296875 0.1203125 0.084375
60 0.3828125 0.9765625 0.059375 0.0375
101 0.33515625 0.15859375 0.190625 0.1921875
104 0.76796875 0.171875 0.103125 0.14375
51 0.82265625 0.1765625 0.0671875 0.128125
71 0.65546875 0.18828125 0.1375 0.090625
110 0.48203125 0.21328125 0.1875 0.071875
47 0.7828125 0.4125 0.171875 0.159375
103 0.56328125 0.43125 0.1171875 0.075
6 0.403125 0.4453125 0.1703125 0.071875
20 0.74296875 0.45078125 0.1421875 0.0703125
41 0.3375 0.46875 0.1 0.059375