26 0.3953125 0.4765625 0.1203125 0.0375
85 0.49375 0.58203125 0.1546875 0.08125
105 0.76640625 0.58515625 0.18125 0.1
67 0.5921875 0.5984375 0.159375 0.0828125
22 0.425 0.6078125 0.1265625 0.0671875
103 0.546875 0.84921875 0.15 0.096875
47 0.73203125 0.86328125 0.259375 0.1125
16 0.409375 0.87734375 0.1359375 0.0921875
38 0.7859375 0.1828125 0.109375 0.115625
99 0.6703125 0.22265625 0.140625 0.0328125
51 0.74453125 0.4125 0.0609375 0.1046875
28 0.575 0.44375 0.078125 0.0703125
101 0.70078125 0.44609375 0.284375 0.078125