104 0.7484375 0.56953125 0.1078125 0.134375
38 0.34375 0.58046875 0.1296875 0.1078125
99 0.6015625 0.61640625 0.1265625 0.05
64 0.6375 0.81328125 0.0984375 0.1515625
51 0.32265625 0.83984375 0.0546875 0.1015625
11 0.590625 0.90390625 0.2625 0.0828125
85 0.36015625 0.91796875 0.1671875 0.1140625
38 0.33828125 0.1703125 0.1515625 0.1515625
18 0.50078125 0.20390625 0.19375 0.084375
110 0.7375 0.2171875 0.1984375 0.0734375
103 0.38359375 0.44296875 0.14375 0.078125
60 0.69375 0.4578125 0.19375 0.04375
20 0.54140625 0.46015625 0.2 0.0671875