99 0.5421875 0.471875 0.15 0.034375
71 0.37421875 0.5890625 0.1359375 0.09375
24 0.75703125 0.60625 0.196875 0.090625
14 0.5484375 0.62421875 0.121875 0.053125
20 0.37890625 0.8828125 0.175 0.121875
60 0.51796875 0.884375 0.159375 0.08125
104 0.80625 0.175 0.121875 0.140625
103 0.64921875 0.20234375 0.15 0.084375
9 0.3953125 0.2171875 0.21875 0.0625
51 0.7125 0.43671875 0.065625 0.1125
18 0.396875 0.4390625 0.175 0.0875
41 0.70859375 0.45390625 0.1 0.05
28 0.79296875 0.46015625 0.0828125 0.06875