12 0.057692307692307696 0.7848557692307693 0.09134615384615384 0.08413461538461539
12 0.09014423076923077 0.671875 0.05889423076923077 0.03485576923076923
12 0.10096153846153846 0.7307692307692307 0.019230769230769232 0.015625
12 0.1141826923076923 0.7475961538461539 0.015625 0.009615384615384616
12 0.12980769230769232 0.7788461538461539 0.020432692307692308 0.014423076923076924
12 0.14302884615384615 0.7403846153846154 0.02283653846153846 0.019230769230769232
12 0.20072115384615385 0.7295673076923077 0.025240384615384616 0.01201923076923077
12 0.2127403846153846 0.7391826923076923 0.020432692307692308 0.020432692307692308
12 0.23677884615384615 0.6490384615384616 0.03125 0.019230769230769232
12 0.23798076923076922 0.7487980769230769 0.025240384615384616 0.015625
12 0.2608173076923077 0.7764423076923077 0.01201923076923077 0.009615384615384616
12 0.2800480769230769 0.6286057692307693 0.027644230769230768 0.016826923076923076
12 0.2776442307692308 0.7752403846153846 0.018028846153846152 0.015625
12 0.28125 0.6081730769230769 0.025240384615384616 0.013221153846153846
12 0.33533653846153844 0.828125 0.013221153846153846 0.014423076923076924
12 0.34375 0.6514423076923077 0.015625 0.013221153846153846
12 0.3557692307692308 0.8149038461538461 0.013221153846153846 0.009615384615384616
12 0.36899038461538464 0.828125 0.018028846153846152 0.014423076923076924
12 0.38100961538461536 0.6550480769230769 0.018028846153846152 0.010817307692307692
12 0.38221153846153844 0.7884615384615384 0.015625 0.01201923076923077
12 0.38221153846153844 0.7295673076923077 0.013221153846153846 0.01201923076923077
12 0.38822115384615385 0.5769230769230769 0.013221153846153846 0.01201923076923077
12 0.3894230769230769 0.78125 0.015625 0.008413461538461538
12 0.41346153846153844 0.7331730769230769 0.038461538461538464 0.04326923076923077
12 0.4110576923076923 0.5973557692307693 0.020432692307692308 0.025240384615384616
12 0.41586538461538464 0.6394230769230769 0.030048076923076924 0.016826923076923076
12 0.41346153846153844 0.8040865384615384 0.01201923076923077 0.008413461538461538
12 0.49278846153846156 0.6201923076923077 0.027644230769230768 0.020432692307692308
12 0.49278846153846156 0.7680288461538461 0.013221153846153846 0.014423076923076924
12 0.5384615384615384 0.5144230769230769 0.027644230769230768 0.016826923076923076
12 0.5420673076923077 0.65625 0.030048076923076924 0.014423076923076924
12 0.5588942307692307 0.6754807692307693 0.02283653846153846 0.021634615384615384
12 0.5673076923076923 0.47596153846153844 0.020432692307692308 0.020432692307692308
12 0.5865384615384616 0.6442307692307693 0.027644230769230768 0.019230769230769232
12 0.6009615384615384 0.6694711538461539 0.019230769230769232 0.015625