3 0.7379807692307693 0.4795673076923077 0.37259615384615385 0.78125
5 0.234375 0.7319711538461539 0.09735576923076923 0.13822115384615385
5 0.29927884615384615 0.46274038461538464 0.09014423076923077 0.21995192307692307
5 0.39783653846153844 0.23076923076923078 0.1045673076923077 0.12860576923076922
5 0.5240384615384616 0.6237980769230769 0.11899038461538461 0.16466346153846154
5 0.5709134615384616 0.7439903846153846 0.055288461538461536 0.057692307692307696
5 0.5985576923076923 0.6850961538461539 0.09495192307692307 0.11177884615384616
5 0.6454326923076923 0.8004807692307693 0.06971153846153846 0.14783653846153846
18 0.7596153846153846 0.7764423076923077 0.21754807692307693 0.26322115384615385
18 0.8617788461538461 0.6081730769230769 0.19230769230769232 0.22716346153846154
6 0.5564903846153846 0.16706730769230768 0.2764423076923077 0.3329326923076923