18 0.2127403846153846 0.5012019230769231 0.23076923076923078 0.31971153846153844
18 0.17668269230769232 0.25600961538461536 0.07692307692307693 0.17067307692307693
18 0.2848557692307692 0.1875 0.1814903846153846 0.28725961538461536
18 0.3088942307692308 0.3942307692307692 0.1466346153846154 0.16346153846153846
18 0.3269230769230769 0.7115384615384616 0.140625 0.2091346153846154
18 0.4266826923076923 0.5 0.2091346153846154 0.33774038461538464
18 0.453125 0.26802884615384615 0.16947115384615385 0.19110576923076922
18 0.40865384615384615 0.17067307692307693 0.06370192307692307 0.08413461538461539
18 0.42908653846153844 0.7824519230769231 0.10336538461538461 0.15384615384615385
18 0.4543269230769231 0.75 0.109375 0.1971153846153846
18 0.6201923076923077 0.7512019230769231 0.25841346153846156 0.3449519230769231
18 0.6021634615384616 0.28966346153846156 0.17908653846153846 0.23317307692307693
18 0.5913461538461539 0.4831730769230769 0.15264423076923078 0.1875
18 0.7079326923076923 0.5673076923076923 0.11177884615384616 0.1875
18 0.75 0.3870192307692308 0.17307692307692307 0.23918269230769232
18 0.7668269230769231 0.6033653846153846 0.057692307692307696 0.1466346153846154