18 0.17067307692307693 0.140625 0.14182692307692307 0.24759615384615385
18 0.18629807692307693 0.36177884615384615 0.14903846153846154 0.2127403846153846
18 0.24639423076923078 0.15985576923076922 0.052884615384615384 0.19831730769230768
18 0.2956730769230769 0.28725961538461536 0.14182692307692307 0.2247596153846154
18 0.2764423076923077 0.019230769230769232 0.0733173076923077 0.037259615384615384
18 0.35096153846153844 0.11177884615384616 0.11778846153846154 0.15985576923076922
18 0.38461538461538464 0.6466346153846154 0.09735576923076923 0.18629807692307693
18 0.39783653846153844 0.3076923076923077 0.11057692307692307 0.18990384615384615
18 0.4639423076923077 0.21995192307692307 0.14783653846153846 0.22115384615384615
18 0.4723557692307692 0.8257211538461539 0.1622596153846154 0.2403846153846154
18 0.5793269230769231 0.15625 0.14423076923076922 0.22355769230769232
18 0.5913461538461539 0.3581730769230769 0.16826923076923078 0.2824519230769231
18 0.5985576923076923 0.7752403846153846 0.17668269230769232 0.25721153846153844
18 0.6201923076923077 0.6310096153846154 0.1346153846153846 0.13581730769230768
18 0.7427884615384616 0.4639423076923077 0.18629807692307693 0.23798076923076922
18 0.8533653846153846 0.40384615384615385 0.16466346153846154 0.25240384615384615
18 0.9435096153846154 0.2824519230769231 0.11057692307692307 0.2692307692307692