12 0.19471153846153846 0.2848557692307692 0.10336538461538461 0.09375
12 0.1875 0.37259615384615385 0.08413461538461539 0.0889423076923077
12 0.25240384615384615 0.41346153846153844 0.11658653846153846 0.0733173076923077
12 0.31971153846153844 0.27163461538461536 0.10336538461538461 0.09254807692307693
12 0.34975961538461536 0.09495192307692307 0.1310096153846154 0.09014423076923077
12 0.40865384615384615 0.3786057692307692 0.19831730769230768 0.2091346153846154
12 0.43028846153846156 0.18990384615384615 0.1875 0.18870192307692307
12 0.4735576923076923 0.7848557692307693 0.18389423076923078 0.1971153846153846
12 0.5973557692307693 0.3088942307692308 0.06610576923076923 0.0985576923076923
12 0.6911057692307693 0.44591346153846156 0.20673076923076922 0.19591346153846154
12 0.6466346153846154 0.21514423076923078 0.11298076923076923 0.12620192307692307
12 0.6923076923076923 0.9302884615384616 0.1778846153846154 0.036057692307692304
12 0.6838942307692307 0.32091346153846156 0.07932692307692307 0.08533653846153846
12 0.8737980769230769 0.3918269230769231 0.13701923076923078 0.18269230769230768
12 0.9074519230769231 0.8197115384615384 0.12379807692307693 0.23918269230769232
9 0.4338942307692308 0.25600961538461536 0.5721153846153846 0.39903846153846156
9 0.47475961538461536 0.7932692307692307 0.21033653846153846 0.21394230769230768
9 0.6911057692307693 0.44711538461538464 0.21875 0.18028846153846154
9 0.8533653846153846 0.4026442307692308 0.17307692307692307 0.21514423076923078
9 0.890625 0.8197115384615384 0.109375 0.2127403846153846