3 0.46153846153846156 0.4567307692307692 0.7403846153846154 0.9134615384615384
18 0.1466346153846154 0.49759615384615385 0.14783653846153846 0.22956730769230768
18 0.2247596153846154 0.7055288461538461 0.19110576923076922 0.25721153846153844
18 0.3016826923076923 0.47716346153846156 0.1935096153846154 0.2536057692307692
6 0.5600961538461539 0.8052884615384616 0.26322115384615385 0.25961538461538464
6 0.6009615384615384 0.53125 0.5612980769230769 0.78125
6 0.5552884615384616 0.47596153846153844 0.23317307692307693 0.3112980769230769
6 0.8389423076923077 0.07451923076923077 0.32091346153846156 0.14783653846153846
6 0.7740384615384616 0.06370192307692307 0.16466346153846154 0.12740384615384615
6 0.8737980769230769 0.07932692307692307 0.10817307692307693 0.15865384615384615
6 0.9411057692307693 0.07692307692307693 0.11658653846153846 0.15384615384615385