18 0.27524038461538464 0.25721153846153844 0.06610576923076923 0.15264423076923078
18 0.33653846153846156 0.48677884615384615 0.14783653846153846 0.15865384615384615
18 0.3557692307692308 0.6574519230769231 0.17908653846153846 0.23317307692307693
18 0.4170673076923077 0.11298076923076923 0.12860576923076922 0.15865384615384615
18 0.49399038461538464 0.5576923076923077 0.10697115384615384 0.1875
18 0.578125 0.7584134615384616 0.1778846153846154 0.25841346153846156
18 0.6550480769230769 0.31850961538461536 0.20673076923076922 0.19110576923076922
18 0.6887019230769231 0.5841346153846154 0.16466346153846154 0.2536057692307692
18 0.6826923076923077 0.0985576923076923 0.07451923076923077 0.10697115384615384
18 0.7800480769230769 0.5408653846153846 0.13942307692307693 0.2439903846153846
18 0.8028846153846154 0.32572115384615385 0.10096153846153846 0.20192307692307693