18 0.078125 0.40384615384615385 0.15625 0.23557692307692307
18 0.1310096153846154 0.7572115384615384 0.12860576923076922 0.19471153846153846
18 0.11899038461538461 0.5805288461538461 0.08774038461538461 0.09495192307692307
18 0.171875 0.9086538461538461 0.1814903846153846 0.1778846153846154
18 0.21634615384615385 0.3581730769230769 0.13341346153846154 0.18028846153846154
18 0.2283653846153846 0.1622596153846154 0.1502403846153846 0.22355769230769232
18 0.2644230769230769 0.7019230769230769 0.20432692307692307 0.2548076923076923
18 0.2536057692307692 0.5240384615384616 0.1658653846153846 0.1814903846153846
18 0.36538461538461536 0.3389423076923077 0.21875 0.28125
18 0.35096153846153844 0.02403846153846154 0.1310096153846154 0.04807692307692308
18 0.44350961538461536 0.7247596153846154 0.16706730769230768 0.21033653846153846
18 0.46153846153846156 0.9146634615384616 0.18629807692307693 0.16706730769230768
18 0.5925480769230769 0.7644230769230769 0.14302884615384615 0.21995192307692307
18 0.6574519230769231 0.41947115384615385 0.22235576923076922 0.2644230769230769
18 0.59375 0.9326923076923077 0.0829326923076923 0.13221153846153846
18 0.6983173076923077 0.9014423076923077 0.17067307692307693 0.1935096153846154
18 0.6802884615384616 0.7932692307692307 0.09134615384615384 0.16947115384615385
18 0.7403846153846154 0.1141826923076923 0.16826923076923078 0.20552884615384615
18 0.7836538461538461 0.703125 0.19110576923076922 0.26322115384615385
18 0.8221153846153846 0.9158653846153846 0.06850961538461539 0.16466346153846154
18 0.8930288461538461 0.40625 0.20673076923076922 0.27163461538461536