17 0.03365384615384615 0.9951923076923077 0.05889423076923077 0.006009615384615385
17 0.0625 0.6478365384615384 0.11298076923076923 0.1346153846153846
17 0.203125 0.9759615384615384 0.13581730769230768 0.046875
17 0.21394230769230768 0.6069711538461539 0.10697115384615384 0.15144230769230768
17 0.2860576923076923 0.5961538461538461 0.06370192307692307 0.14302884615384615
17 0.359375 0.953125 0.19230769230769232 0.09134615384615384
17 0.5024038461538461 0.9086538461538461 0.1875 0.18028846153846154
17 0.6382211538461539 0.8858173076923077 0.15745192307692307 0.22596153846153846
17 0.7403846153846154 0.8810096153846154 0.14182692307692307 0.22355769230769232
17 0.8305288461538461 0.8305288461538461 0.14423076923076922 0.21875
17 0.9290865384615384 0.7920673076923077 0.1346153846153846 0.2247596153846154