12 0.25841346153846156 0.9555288461538461 0.07211538461538461 0.08413461538461539
12 0.28846153846153844 0.8846153846153846 0.08173076923076923 0.11538461538461539
12 0.3233173076923077 0.78125 0.07692307692307693 0.12620192307692307
12 0.3293269230769231 0.9471153846153846 0.07091346153846154 0.10336538461538461
12 0.3581730769230769 0.6971153846153846 0.08173076923076923 0.11177884615384616
12 0.3581730769230769 0.8810096153846154 0.07932692307692307 0.1201923076923077
12 0.38822115384615385 0.5985576923076923 0.06610576923076923 0.109375
12 0.3918269230769231 0.7884615384615384 0.0733173076923077 0.12259615384615384
12 0.39903846153846156 0.9591346153846154 0.06009615384615385 0.07932692307692307
12 0.4182692307692308 0.5060096153846154 0.07091346153846154 0.11177884615384616
12 0.43149038461538464 0.6899038461538461 0.08052884615384616 0.109375
12 0.4326923076923077 0.8665865384615384 0.07692307692307693 0.11778846153846154
12 0.44711538461538464 0.4098557692307692 0.09495192307692307 0.11538461538461539
12 0.45913461538461536 0.5997596153846154 0.0733173076923077 0.11538461538461539
12 0.46634615384615385 0.9615384615384616 0.06490384615384616 0.07451923076923077
12 0.47115384615384615 0.7836538461538461 0.06850961538461539 0.12139423076923077
12 0.4807692307692308 0.32211538461538464 0.08413461538461539 0.12139423076923077
12 0.5 0.5 0.06490384615384616 0.10697115384615384
12 0.5012019230769231 0.6850961538461539 0.06490384615384616 0.12139423076923077
12 0.5096153846153846 0.8822115384615384 0.07692307692307693 0.12139423076923077
12 0.515625 0.21153846153846154 0.08173076923076923 0.11899038461538461
12 0.5276442307692307 0.4014423076923077 0.08774038461538461 0.11899038461538461
12 0.5348557692307693 0.5817307692307693 0.06490384615384616 0.08653846153846154
12 0.5420673076923077 0.7824519230769231 0.06971153846153846 0.109375
12 0.5480769230769231 0.9651442307692307 0.06490384615384616 0.06850961538461539
12 0.5552884615384616 0.11298076923076923 0.07211538461538461 0.09975961538461539
12 0.5564903846153846 0.29927884615384615 0.07091346153846154 0.109375
12 0.5492788461538461 0.5012019230769231 0.03245192307692308 0.07451923076923077
12 0.5745192307692307 0.03365384615384615 0.07692307692307693 0.0673076923076923
12 0.5757211538461539 0.6826923076923077 0.07692307692307693 0.1045673076923077
12 0.5805288461538461 0.8713942307692307 0.08052884615384616 0.10576923076923077
12 0.5925480769230769 0.2091346153846154 0.0733173076923077 0.09495192307692307
12 0.6129807692307693 0.10216346153846154 0.07692307692307693 0.12139423076923077
12 0.6177884615384616 0.7704326923076923 0.06370192307692307 0.12139423076923077
12 0.6225961538461539 0.9507211538461539 0.06971153846153846 0.09615384615384616
12 0.6310096153846154 0.28365384615384615 0.07211538461538461 0.10576923076923077
12 0.6490384615384616 0.02403846153846154 0.08653846153846154 0.04807692307692308
12 0.65625 0.6875 0.07692307692307693 0.09375
12 0.6586538461538461 0.19471153846153846 0.08052884615384616 0.08413461538461539
12 0.6586538461538461 0.8641826923076923 0.07451923076923077 0.13221153846153846
12 0.6947115384615384 0.08774038461538461 0.078125 0.10216346153846154
12 0.7007211538461539 0.7740384615384616 0.06490384615384616 0.1045673076923077
12 0.7103365384615384 0.28846153846153844 0.07091346153846154 0.1045673076923077
12 0.7331730769230769 0.6754807692307693 0.07932692307692307 0.09254807692307693
12 0.7319711538461539 0.17548076923076922 0.07451923076923077 0.12139423076923077
12 0.7319711538461539 0.03365384615384615 0.07451923076923077 0.0673076923076923
12 0.7836538461538461 0.0985576923076923 0.07572115384615384 0.11538461538461539
12 0.7896634615384616 0.27403846153846156 0.08774038461538461 0.11538461538461539
12 0.8076923076923077 0.46634615384615385 0.04927884615384615 0.12259615384615384
12 0.7980769230769231 0.5805288461538461 0.021634615384615384 0.08774038461538461
12 0.8329326923076923 0.36538461538461536 0.07572115384615384 0.1045673076923077
12 0.8605769230769231 0.08413461538461539 0.09134615384615384 0.12139423076923077
12 0.8653846153846154 0.27283653846153844 0.07211538461538461 0.11778846153846154
12 0.9122596153846154 0.19230769230769232 0.0889423076923077 0.11778846153846154
12 0.953125 0.09134615384615384 0.09254807692307693 0.12139423076923077