12 0.10576923076923077 0.5048076923076923 0.21153846153846154 0.27403846153846156
12 0.10336538461538461 0.3088942307692308 0.1935096153846154 0.18509615384615385
12 0.2403846153846154 0.1935096153846154 0.15384615384615385 0.11298076923076923
12 0.32091346153846156 0.6322115384615384 0.2764423076923077 0.34375
12 0.28125 0.3293269230769231 0.1814903846153846 0.1935096153846154
12 0.33774038461538464 0.16947115384615385 0.0829326923076923 0.08774038461538461
12 0.3293269230769231 0.21033653846153846 0.06490384615384616 0.10216346153846154
12 0.4206730769230769 0.21153846153846154 0.15384615384615385 0.16346153846153846
12 0.47716346153846156 0.3918269230769231 0.1971153846153846 0.24158653846153846
12 0.4326923076923077 0.10336538461538461 0.10576923076923077 0.09615384615384616
12 0.6442307692307693 0.7548076923076923 0.2956730769230769 0.4411057692307692
12 0.5889423076923077 0.27884615384615385 0.17307692307692307 0.17908653846153846
12 0.5757211538461539 0.109375 0.12980769230769232 0.0985576923076923
12 0.7211538461538461 0.5 0.27524038461538464 0.33052884615384615
12 0.6766826923076923 0.21514423076923078 0.1502403846153846 0.17548076923076922
12 0.7223557692307693 0.13701923076923078 0.1310096153846154 0.14182692307692307
12 0.8293269230769231 0.3425480769230769 0.1935096153846154 0.21514423076923078
12 0.8725961538461539 0.23798076923076922 0.17668269230769232 0.17307692307692307
12 0.8737980769230769 0.13701923076923078 0.1658653846153846 0.09615384615384616