13 0.2932692307692308 0.2764423076923077 0.18509615384615385 0.15865384615384615
13 0.32572115384615385 0.4987980769230769 0.1502403846153846 0.09495192307692307
13 0.4050480769230769 0.6262019230769231 0.11658653846153846 0.08052884615384616
13 0.46875 0.421875 0.18870192307692307 0.14543269230769232
13 0.47836538461538464 0.5769230769230769 0.20673076923076922 0.15504807692307693
13 0.47475961538461536 0.7572115384615384 0.16826923076923078 0.1502403846153846
13 0.5204326923076923 0.3329326923076923 0.16466346153846154 0.11778846153846154
13 0.9254807692307693 0.9423076923076923 0.14423076923076922 0.11057692307692307
13 0.9086538461538461 0.13942307692307693 0.04567307692307692 0.036057692307692304
13 0.9206730769230769 0.038461538461538464 0.038461538461538464 0.037259615384615384
13 0.9122596153846154 0.22716346153846154 0.014423076923076924 0.02403846153846154
13 0.9567307692307693 0.052884615384615384 0.040865384615384616 0.04567307692307692