8 0.109375 0.23197115384615385 0.040865384615384616 0.07091346153846154
8 0.3112980769230769 0.5733173076923077 0.05889423076923077 0.13221153846153846
8 0.3425480769230769 0.18389423076923078 0.037259615384615384 0.04807692307692308
8 0.4891826923076923 0.31850961538461536 0.10096153846153846 0.16706730769230768
8 0.5360576923076923 0.5817307692307693 0.13581730769230768 0.203125
8 0.5060096153846154 0.5805288461538461 0.06850961538461539 0.19230769230769232
8 0.5733173076923077 0.5817307692307693 0.042067307692307696 0.20192307692307693
8 0.5829326923076923 0.4567307692307692 0.01201923076923077 0.021634615384615384
8 0.6334134615384616 0.4338942307692308 0.052884615384615384 0.13701923076923078
8 0.6598557692307693 0.6129807692307693 0.04807692307692308 0.140625
8 0.7271634615384616 0.5444711538461539 0.042067307692307696 0.07091346153846154
8 0.7247596153846154 0.515625 0.009615384615384616 0.018028846153846152
8 0.7307692307692307 0.5384615384615384 0.013221153846153846 0.020432692307692308
8 0.7427884615384616 0.5240384615384616 0.013221153846153846 0.019230769230769232
8 0.7992788461538461 0.3233173076923077 0.057692307692307696 0.13341346153846154
8 0.7920673076923077 0.35216346153846156 0.042067307692307696 0.06610576923076923
8 0.8509615384615384 0.14903846153846154 0.009615384615384616 0.021634615384615384
8 0.8617788461538461 0.15625 0.009615384615384616 0.019230769230769232
8 0.8689903846153846 0.14903846153846154 0.009615384615384616 0.014423076923076924