17 0.020432692307692308 0.6057692307692307 0.040865384615384616 0.3581730769230769
17 0.037259615384615384 0.3798076923076923 0.07451923076923077 0.18870192307692307
17 0.5 0.6213942307692307 0.9987980769230769 0.7548076923076923
17 0.06610576923076923 0.3762019230769231 0.12259615384615384 0.234375
17 0.2536057692307692 0.7055288461538461 0.4675480769230769 0.5853365384615384
17 0.22956730769230768 0.4050480769230769 0.30408653846153844 0.3485576923076923
17 0.42788461538461536 0.3713942307692308 0.0829326923076923 0.18870192307692307
17 0.5432692307692307 0.46875 0.2848557692307692 0.44471153846153844
17 0.7704326923076923 0.6850961538461539 0.4543269230769231 0.625
17 0.6959134615384616 0.36778846153846156 0.04927884615384615 0.05048076923076923
17 0.8088942307692307 0.3918269230769231 0.07572115384615384 0.08413461538461539
17 0.9254807692307693 0.6165865384615384 0.14543269230769232 0.4963942307692308
17 0.8882211538461539 0.39783653846153844 0.06971153846153846 0.0733173076923077