12 0.3269230769230769 0.6262019230769231 0.13942307692307693 0.125
12 0.15625 0.5600961538461539 0.05889423076923077 0.09495192307692307
12 0.27163461538461536 0.3088942307692308 0.1658653846153846 0.10336538461538461
12 0.22716346153846154 0.6213942307692307 0.051682692307692304 0.037259615384615384
12 0.2512019230769231 0.5805288461538461 0.037259615384615384 0.04807692307692308
12 0.31009615384615385 0.5096153846153846 0.09254807692307693 0.09254807692307693
12 0.37740384615384615 0.31490384615384615 0.07932692307692307 0.07932692307692307
12 0.39783653846153844 0.5456730769230769 0.0733173076923077 0.07451923076923077
12 0.4567307692307692 0.24639423076923078 0.13701923076923078 0.07451923076923077
12 0.4735576923076923 0.17067307692307693 0.09975961538461539 0.07091346153846154
12 0.47716346153846156 0.4963942307692308 0.07692307692307693 0.057692307692307696
12 0.4891826923076923 0.3641826923076923 0.09014423076923077 0.07451923076923077
12 0.5504807692307693 0.4230769230769231 0.14903846153846154 0.08774038461538461
12 0.5432692307692307 0.59375 0.0673076923076923 0.07451923076923077
12 0.5805288461538461 0.5432692307692307 0.1141826923076923 0.06850961538461539
12 0.5697115384615384 0.038461538461538464 0.09014423076923077 0.05889423076923077
12 0.6213942307692307 0.45913461538461536 0.1045673076923077 0.0889423076923077
12 0.6153846153846154 0.29927884615384615 0.0733173076923077 0.12379807692307693
12 0.6322115384615384 0.1141826923076923 0.09014423076923077 0.10576923076923077
12 0.6262019230769231 0.5817307692307693 0.07451923076923077 0.06370192307692307
12 0.6947115384615384 0.27524038461538464 0.042067307692307696 0.08413461538461539
12 0.7223557692307693 0.10216346153846154 0.03125 0.08774038461538461
12 0.7487980769230769 0.3137019230769231 0.07451923076923077 0.08774038461538461
12 0.7463942307692307 0.46634615384615385 0.04807692307692308 0.12620192307692307
12 0.8112980769230769 0.2776442307692308 0.04326923076923077 0.06971153846153846