18 0.6225961538461539 0.7728365384615384 0.07932692307692307 0.10697115384615384
18 0.056490384615384616 0.6057692307692307 0.11177884615384616 0.40384615384615385
18 0.2668269230769231 0.10817307692307693 0.44591346153846156 0.20793269230769232
18 0.11057692307692307 0.875 0.056490384615384616 0.07692307692307693
18 0.16826923076923078 0.6947115384615384 0.0625 0.07211538461538461
18 0.1935096153846154 0.7451923076923077 0.057692307692307696 0.052884615384615384
18 0.19230769230769232 0.875 0.04447115384615385 0.08413461538461539
18 0.23076923076923078 0.8293269230769231 0.04927884615384615 0.07451923076923077
18 0.24158653846153846 0.4495192307692308 0.052884615384615384 0.07211538461538461
18 0.25841346153846156 0.6442307692307693 0.04807692307692308 0.06129807692307692
18 0.265625 0.7403846153846154 0.054086538461538464 0.08653846153846154
18 0.2776442307692308 0.5588942307692307 0.040865384615384616 0.06129807692307692
18 0.3125 0.47115384615384615 0.07692307692307693 0.08774038461538461
18 0.3016826923076923 0.8040865384615384 0.042067307692307696 0.04927884615384615
18 0.31490384615384615 0.6081730769230769 0.05048076923076923 0.07572115384615384
18 0.3125 0.6971153846153846 0.038461538461538464 0.05048076923076923
18 0.38461538461538464 0.671875 0.04807692307692308 0.0625
18 0.390625 0.5564903846153846 0.04447115384615385 0.06850961538461539
18 0.4182692307692308 0.875 0.046875 0.06610576923076923
18 0.4675480769230769 0.8149038461538461 0.039663461538461536 0.0625
18 0.7896634615384616 0.4182692307692308 0.4182692307692308 0.8209134615384616
18 0.6790865384615384 0.6358173076923077 0.12259615384615384 0.12379807692307693