12 0.3401442307692308 0.6201923076923077 0.18509615384615385 0.25841346153846156
12 0.02283653846153846 0.18990384615384615 0.04567307692307692 0.2536057692307692
12 0.07211538461538461 0.04927884615384615 0.14423076923076922 0.0985576923076923
12 0.0673076923076923 0.8978365384615384 0.12259615384615384 0.203125
12 0.12620192307692307 0.5336538461538461 0.17668269230769232 0.27163461538461536
12 0.13221153846153846 0.2283653846153846 0.15745192307692307 0.25721153846153844
12 0.18389423076923078 0.7788461538461539 0.17668269230769232 0.2764423076923077
12 0.22355769230769232 0.13822115384615385 0.1814903846153846 0.2764423076923077
12 0.22956730769230768 0.46634615384615385 0.12980769230769232 0.2247596153846154
12 0.3125 0.3317307692307692 0.18990384615384615 0.2824519230769231
12 0.3641826923076923 0.9302884615384616 0.1778846153846154 0.13822115384615385
12 0.3545673076923077 0.4639423076923077 0.11778846153846154 0.09134615384615384
12 0.4519230769230769 0.21033653846153846 0.16706730769230768 0.20192307692307693
12 0.46274038461538464 0.8088942307692307 0.16466346153846154 0.18629807692307693
12 0.43149038461538464 0.021634615384615384 0.08052884615384616 0.042067307692307696
12 0.4987980769230769 0.43149038461538464 0.2091346153846154 0.28846153846153844
12 0.5625 0.9182692307692307 0.1971153846153846 0.15985576923076922
12 0.5564903846153846 0.6069711538461539 0.1466346153846154 0.18509615384615385
12 0.6274038461538461 0.7367788461538461 0.1971153846153846 0.2800480769230769
12 0.6141826923076923 0.47596153846153844 0.037259615384615384 0.07692307692307693
12 0.6862980769230769 0.11298076923076923 0.18028846153846154 0.21153846153846154
12 0.6778846153846154 0.5324519230769231 0.057692307692307696 0.11538461538461539
12 0.7920673076923077 0.5528846153846154 0.17668269230769232 0.2932692307692308
12 0.7716346153846154 0.7800480769230769 0.11538461538461539 0.21634615384615385
12 0.8064903846153846 0.9711538461538461 0.15504807692307693 0.056490384615384616
12 0.8149038461538461 0.15985576923076922 0.16947115384615385 0.296875
12 0.8677884615384616 0.020432692307692308 0.0985576923076923 0.040865384615384616
12 0.9050480769230769 0.3641826923076923 0.1466346153846154 0.2860576923076923
12 0.9146634615384616 0.8401442307692307 0.16466346153846154 0.23798076923076922
12 0.9098557692307693 0.609375 0.06850961538461539 0.21394230769230768
12 0.9483173076923077 0.10817307692307693 0.10096153846153846 0.21634615384615385
12 0.9591346153846154 0.9723557692307693 0.07692307692307693 0.052884615384615384
12 0.9711538461538461 0.359375 0.055288461538461536 0.2860576923076923
12 0.9747596153846154 0.6213942307692307 0.04567307692307692 0.21875