12 0.07932692307692307 0.6574519230769231 0.13581730769230768 0.23076923076923078
12 0.15865384615384615 0.4519230769230769 0.15144230769230768 0.20793269230769232
12 0.19110576923076922 0.27163461538461536 0.15384615384615385 0.20673076923076922
12 0.20673076923076922 0.734375 0.16105769230769232 0.21995192307692307
12 0.19110576923076922 0.609375 0.06850961538461539 0.07451923076923077
12 0.2824519230769231 0.5096153846153846 0.1045673076923077 0.19591346153846154
12 0.2932692307692308 0.10697115384615384 0.12620192307692307 0.18990384615384615
12 0.34134615384615385 0.84375 0.1622596153846154 0.12740384615384615
12 0.3076923076923077 0.28966346153846156 0.06971153846153846 0.12860576923076922
12 0.328125 0.6790865384615384 0.06490384615384616 0.19951923076923078
12 0.37259615384615385 0.19951923076923078 0.10697115384615384 0.16826923076923078
12 0.3762019230769231 0.3401442307692308 0.0829326923076923 0.09134615384615384
12 0.40024038461538464 0.4675480769230769 0.11177884615384616 0.18509615384615385
12 0.43990384615384615 0.6586538461538461 0.17668269230769232 0.2980769230769231
12 0.45072115384615385 0.8978365384615384 0.07451923076923077 0.06129807692307692
12 0.5276442307692307 0.30528846153846156 0.16466346153846154 0.23677884615384615
12 0.5552884615384616 0.7836538461538461 0.19951923076923078 0.24879807692307693
12 0.5661057692307693 0.4651442307692308 0.1346153846153846 0.22355769230769232
12 0.5889423076923077 0.9326923076923077 0.17908653846153846 0.13341346153846154
12 0.6442307692307693 0.5637019230769231 0.20192307692307693 0.2860576923076923
12 0.640625 0.0985576923076923 0.1622596153846154 0.19591346153846154
12 0.7355769230769231 0.8016826923076923 0.21033653846153846 0.3112980769230769
12 0.7295673076923077 0.3016826923076923 0.18629807692307693 0.23317307692307693
12 0.7836538461538461 0.4639423076923077 0.12379807692307693 0.16706730769230768
12 0.8100961538461539 0.6262019230769231 0.12139423076923077 0.14423076923076922
12 0.8185096153846154 0.9639423076923077 0.12259615384615384 0.0673076923076923
12 0.8858173076923077 0.23798076923076922 0.13822115384615385 0.19831730769230768
12 0.9242788461538461 0.7463942307692307 0.1502403846153846 0.2764423076923077
12 0.9254807692307693 0.4170673076923077 0.13701923076923078 0.2283653846153846
12 0.9375 0.5612980769230769 0.10697115384615384 0.07091346153846154
12 0.9435096153846154 0.8870192307692307 0.10697115384615384 0.21153846153846154
12 0.9771634615384616 0.21995192307692307 0.04326923076923077 0.16105769230769232