13 0.10576923076923077 0.765625 0.10336538461538461 0.1622596153846154
13 0.08533653846153846 0.5649038461538461 0.03485576923076923 0.054086538461538464
13 0.1466346153846154 0.6610576923076923 0.09014423076923077 0.140625
13 0.19230769230769232 0.2776442307692308 0.03485576923076923 0.05048076923076923
13 0.2608173076923077 0.25961538461538464 0.0733173076923077 0.10697115384615384
13 0.3942307692307692 0.1778846153846154 0.10336538461538461 0.14182692307692307
13 0.43028846153846156 0.06129807692307692 0.08653846153846154 0.12259615384615384
13 0.49399038461538464 0.4735576923076923 0.13822115384615385 0.19471153846153846
13 0.4735576923076923 0.7019230769230769 0.07692307692307693 0.1346153846153846
13 0.5336538461538461 0.08774038461538461 0.056490384615384616 0.1346153846153846
13 0.6454326923076923 0.6262019230769231 0.07692307692307693 0.12860576923076922
13 0.9038461538461539 0.4483173076923077 0.04567307692307692 0.1141826923076923
13 0.9483173076923077 0.21153846153846154 0.10096153846153846 0.1502403846153846