12 0.6057692307692307 0.6682692307692307 0.1201923076923077 0.055288461538461536
12 0.29447115384615385 0.6141826923076923 0.10096153846153846 0.030048076923076924
12 0.2956730769230769 0.6526442307692307 0.10336538461538461 0.04567307692307692
12 0.36778846153846156 0.6141826923076923 0.054086538461538464 0.051682692307692304
12 0.3701923076923077 0.6586538461538461 0.04326923076923077 0.04807692307692308
12 0.42788461538461536 0.6129807692307693 0.07211538461538461 0.06490384615384616
12 0.44711538461538464 0.6694711538461539 0.10576923076923077 0.054086538461538464
12 0.46153846153846156 0.5769230769230769 0.046875 0.027644230769230768
12 0.5048076923076923 0.5901442307692307 0.0673076923076923 0.04326923076923077
12 0.5372596153846154 0.6153846153846154 0.08533653846153846 0.04326923076923077
12 0.5120192307692307 0.6694711538461539 0.02403846153846154 0.037259615384615384
12 0.6442307692307693 0.6201923076923077 0.10336538461538461 0.052884615384615384