17 0.05889423076923077 0.6286057692307693 0.11778846153846154 0.20552884615384615
17 0.08052884615384616 0.4495192307692308 0.039663461538461536 0.07692307692307693
17 0.07572115384615384 0.4074519230769231 0.027644230769230768 0.03245192307692308
17 0.48677884615384615 0.375 0.6466346153846154 0.11778846153846154
17 0.5829326923076923 0.4735576923076923 0.8317307692307693 0.2800480769230769
17 0.32572115384615385 0.7091346153846154 0.19471153846153846 0.28966346153846156
17 0.6153846153846154 0.6766826923076923 0.7644230769230769 0.6418269230769231
17 0.4579326923076923 0.8221153846153846 0.22956730769230768 0.3545673076923077
17 0.5841346153846154 0.453125 0.078125 0.08052884615384616
17 0.6069711538461539 0.5552884615384616 0.06009615384615385 0.07451923076923077
17 0.7067307692307693 0.6670673076923077 0.23197115384615385 0.2800480769230769
17 0.7079326923076923 0.8052884615384616 0.23317307692307693 0.3870192307692308