0 0.1201923076923077 0.34615384615384615 0.14903846153846154 0.1310096153846154
0 0.2608173076923077 0.4987980769230769 0.45552884615384615 0.515625
0 0.6670673076923077 0.8040865384615384 0.6634615384615384 0.38822115384615385
0 0.7463942307692307 0.4423076923076923 0.5060096153846154 0.4266826923076923
12 0.6911057692307693 0.7704326923076923 0.23197115384615385 0.2764423076923077
12 0.41947115384615385 0.9086538461538461 0.171875 0.17908653846153846
12 0.5865384615384616 0.9302884615384616 0.21394230769230768 0.13701923076923078
12 0.5805288461538461 0.37740384615384615 0.17067307692307693 0.2776442307692308
12 0.5841346153846154 0.5384615384615384 0.04567307692307692 0.2439903846153846
12 0.7632211538461539 0.25600961538461536 0.140625 0.05889423076923077
12 0.796875 0.9507211538461539 0.18990384615384615 0.09615384615384616
12 0.8557692307692307 0.2824519230769231 0.0889423076923077 0.06490384615384616
12 0.9134615384615384 0.8557692307692307 0.171875 0.2824519230769231
12 0.9603365384615384 0.28125 0.06490384615384616 0.03485576923076923
12 0.9675480769230769 0.9735576923076923 0.06370192307692307 0.05048076923076923