11 0.056490384615384616 0.5637019230769231 0.051682692307692304 0.0829326923076923
11 0.046875 0.7992788461538461 0.019230769230769232 0.040865384615384616
11 0.1045673076923077 0.5528846153846154 0.051682692307692304 0.07932692307692307
11 0.0985576923076923 0.4266826923076923 0.030048076923076924 0.06610576923076923
11 0.125 0.7920673076923077 0.07692307692307693 0.11538461538461539
11 0.15625 0.3245192307692308 0.02283653846153846 0.03245192307692308
11 0.19110576923076922 0.39302884615384615 0.04567307692307692 0.06009615384615385
11 0.23076923076923078 0.4362980769230769 0.03245192307692308 0.06971153846153846
11 0.2956730769230769 0.8545673076923077 0.036057692307692304 0.04927884615384615
11 0.328125 0.36778846153846156 0.04447115384615385 0.06129807692307692
11 0.41947115384615385 0.4266826923076923 0.07091346153846154 0.07692307692307693
11 0.46875 0.6430288461538461 0.08533653846153846 0.13221153846153846
11 0.49158653846153844 0.3329326923076923 0.05048076923076923 0.09254807692307693
11 0.5372596153846154 0.41466346153846156 0.06490384615384616 0.057692307692307696
11 0.5336538461538461 0.44711538461538464 0.04927884615384615 0.11298076923076923
11 0.5552884615384616 0.7283653846153846 0.06971153846153846 0.09615384615384616
11 0.5757211538461539 0.26802884615384615 0.038461538461538464 0.0673076923076923
11 0.625 0.38461538461538464 0.040865384615384616 0.08413461538461539
11 0.6454326923076923 0.19831730769230768 0.02403846153846154 0.06971153846153846
11 0.7728365384615384 0.25841346153846156 0.055288461538461536 0.051682692307692304
11 0.8064903846153846 0.30288461538461536 0.056490384615384616 0.05889423076923077
11 0.8293269230769231 0.5336538461538461 0.057692307692307696 0.0829326923076923
11 0.8365384615384616 0.3425480769230769 0.037259615384615384 0.051682692307692304
11 0.8557692307692307 0.8834134615384616 0.036057692307692304 0.04447115384615385
11 0.8713942307692307 0.22956730769230768 0.037259615384615384 0.04447115384615385
11 0.9110576923076923 0.32091346153846156 0.038461538461538464 0.042067307692307696
11 0.9423076923076923 0.12139423076923077 0.040865384615384616 0.036057692307692304
11 0.9338942307692307 0.3088942307692308 0.019230769230769232 0.03485576923076923