18 0.4543269230769231 0.8810096153846154 0.18389423076923078 0.21634615384615385
18 0.15264423076923078 0.48677884615384615 0.140625 0.27524038461538464
18 0.22235576923076922 0.09615384615384616 0.11778846153846154 0.18509615384615385
18 0.33413461538461536 0.1045673076923077 0.13581730769230768 0.18389423076923078
18 0.3713942307692308 0.3293269230769231 0.14783653846153846 0.27524038461538464
18 0.5180288461538461 0.5408653846153846 0.11899038461538461 0.22596153846153846
18 0.5324519230769231 0.3269230769230769 0.09014423076923077 0.18389423076923078
18 0.6165865384615384 0.34975961538461536 0.09134615384615384 0.17548076923076922
18 0.6370192307692307 0.5372596153846154 0.11899038461538461 0.20432692307692307
18 0.8725961538461539 0.2091346153846154 0.171875 0.12980769230769232
18 0.9206730769230769 0.7079326923076923 0.12259615384615384 0.1622596153846154
18 0.9338942307692307 0.9350961538461539 0.1310096153846154 0.12740384615384615