12 0.07091346153846154 0.7319711538461539 0.14182692307692307 0.2283653846153846
12 0.24879807692307693 0.7872596153846154 0.1622596153846154 0.24519230769230768
12 0.33774038461538464 0.6334134615384616 0.15384615384615385 0.2403846153846154
12 0.4387019230769231 0.6322115384615384 0.11298076923076923 0.2247596153846154
12 0.4807692307692308 0.8689903846153846 0.10336538461538461 0.20192307692307693
12 0.6201923076923077 0.9627403846153846 0.025240384615384616 0.028846153846153848
12 0.6911057692307693 0.7824519230769231 0.030048076923076924 0.051682692307692304
12 0.7463942307692307 0.6634615384615384 0.027644230769230768 0.040865384615384616
12 0.7475961538461539 0.6971153846153846 0.015625 0.042067307692307696
12 0.8004807692307693 0.5673076923076923 0.019230769230769232 0.03485576923076923
12 0.8449519230769231 0.6418269230769231 0.02283653846153846 0.025240384615384616
12 0.8545673076923077 0.6129807692307693 0.019230769230769232 0.02403846153846154
12 0.875 0.5180288461538461 0.021634615384615384 0.018028846153846152
12 0.8737980769230769 0.5985576923076923 0.013221153846153846 0.019230769230769232
12 0.8834134615384616 0.5504807692307693 0.008413461538461538 0.02403846153846154