3 0.7223557692307693 0.14903846153846154 0.057692307692307696 0.040865384615384616
3 0.8112980769230769 0.06971153846153846 0.15504807692307693 0.1045673076923077
3 0.828125 0.17067307692307693 0.18990384615384615 0.1502403846153846
3 0.8401442307692307 0.27884615384615385 0.12259615384615384 0.07572115384615384
3 0.8954326923076923 0.36177884615384615 0.12379807692307693 0.11057692307692307
3 0.9014423076923077 0.13341346153846154 0.08413461538461539 0.07932692307692307
3 0.9411057692307693 0.23197115384615385 0.11658653846153846 0.125
3 0.9555288461538461 0.3641826923076923 0.08774038461538461 0.12860576923076922
3 0.9723557692307693 0.44471153846153844 0.052884615384615384 0.10576923076923077
3 0.9759615384615384 0.140625 0.04567307692307692 0.06490384615384616
6 0.09495192307692307 0.5432692307692307 0.14903846153846154 0.13822115384615385
6 0.16466346153846154 0.6189903846153846 0.3293269230769231 0.7608173076923077