11 0.0985576923076923 0.5204326923076923 0.12860576923076922 0.24639423076923078
11 0.24158653846153846 0.4807692307692308 0.16466346153846154 0.3233173076923077
11 0.2091346153846154 0.3016826923076923 0.09014423076923077 0.15384615384615385
11 0.25721153846153844 0.6466346153846154 0.18629807692307693 0.22716346153846154
11 0.3088942307692308 0.21995192307692307 0.13581730769230768 0.21394230769230768
11 0.3918269230769231 0.43028846153846156 0.24158653846153846 0.46153846153846156
11 0.4735576923076923 0.6117788461538461 0.19230769230769232 0.2644230769230769
11 0.5528846153846154 0.4987980769230769 0.21754807692307693 0.4170673076923077
11 0.5552884615384616 0.7932692307692307 0.18509615384615385 0.14543269230769232
11 0.5901442307692307 0.734375 0.11298076923076923 0.12139423076923077
11 0.6346153846153846 0.6189903846153846 0.16466346153846154 0.25721153846153844
11 0.6971153846153846 0.7824519230769231 0.1466346153846154 0.19591346153846154
11 0.7115384615384616 0.5012019230769231 0.13822115384615385 0.31971153846153844
11 0.7872596153846154 0.6129807692307693 0.19591346153846154 0.25600961538461536
11 0.8473557692307693 0.7644230769230769 0.22596153846153846 0.2776442307692308
11 0.8786057692307693 0.6346153846153846 0.12860576923076922 0.19591346153846154