12 0.046875 0.7524038461538461 0.09375 0.09134615384615384
12 0.051682692307692304 0.23197115384615385 0.10336538461538461 0.1502403846153846
12 0.13822115384615385 0.1814903846153846 0.2764423076923077 0.3629807692307692
12 0.1502403846153846 0.7079326923076923 0.3004807692307692 0.18509615384615385
12 0.052884615384615384 0.11177884615384616 0.10096153846153846 0.11538461538461539
12 0.06971153846153846 0.054086538461538464 0.09014423076923077 0.10817307692307693
12 0.1141826923076923 0.21634615384615385 0.04326923076923077 0.10817307692307693
12 0.1466346153846154 0.7367788461538461 0.08774038461538461 0.046875
12 0.15985576923076922 0.27163461538461536 0.1141826923076923 0.07692307692307693
12 0.1814903846153846 0.14302884615384615 0.10817307692307693 0.16947115384615385
12 0.21634615384615385 0.6911057692307693 0.0889423076923077 0.125
12 0.23918269230769232 0.09615384615384616 0.0625 0.08413461538461539
12 0.2692307692307692 0.6682692307692307 0.036057692307692304 0.07692307692307693
12 0.6370192307692307 0.3137019230769231 0.5300480769230769 0.6262019230769231
12 0.42788461538461536 0.018028846153846152 0.038461538461538464 0.03485576923076923
12 0.4387019230769231 0.0829326923076923 0.036057692307692304 0.08173076923076923
12 0.4567307692307692 0.14423076923076922 0.057692307692307696 0.0733173076923077
12 0.453125 0.36538461538461536 0.04326923076923077 0.08653846153846154
12 0.45913461538461536 0.453125 0.046875 0.0889423076923077
12 0.46153846153846156 0.038461538461538464 0.037259615384615384 0.06850961538461539
12 0.49278846153846156 0.0673076923076923 0.051682692307692304 0.0733173076923077
12 0.5144230769230769 0.37259615384615385 0.0625 0.1201923076923077
12 0.5096153846153846 0.21394230769230768 0.03245192307692308 0.027644230769230768
12 0.5120192307692307 0.14543269230769232 0.027644230769230768 0.0889423076923077
12 0.5264423076923077 0.4326923076923077 0.056490384615384616 0.039663461538461536
12 0.5240384615384616 0.027644230769230768 0.038461538461538464 0.055288461538461536
12 0.5480769230769231 0.18870192307692307 0.052884615384615384 0.10096153846153846
12 0.5516826923076923 0.10216346153846154 0.03125 0.08173076923076923
12 0.5576923076923077 0.04927884615384615 0.040865384615384616 0.042067307692307696
12 0.5901442307692307 0.4230769230769231 0.056490384615384616 0.10336538461538461
12 0.5721153846153846 0.02403846153846154 0.014423076923076924 0.046875
12 0.5901442307692307 0.12860576923076922 0.040865384615384616 0.051682692307692304
12 0.6021634615384616 0.33774038461538464 0.06370192307692307 0.0889423076923077
12 0.609375 0.18629807692307693 0.056490384615384616 0.09615384615384616
12 0.6033653846153846 0.038461538461538464 0.03125 0.06850961538461539
12 0.6105769230769231 0.10697115384615384 0.038461538461538464 0.0733173076923077
12 0.6598557692307693 0.4362980769230769 0.04567307692307692 0.06129807692307692
12 0.6634615384615384 0.34975961538461536 0.04326923076923077 0.06610576923076923
12 0.6706730769230769 0.23076923076923078 0.056490384615384616 0.11538461538461539
12 0.6935096153846154 0.40024038461538464 0.078125 0.1201923076923077
12 0.6935096153846154 0.171875 0.051682692307692304 0.06610576923076923
12 0.7307692307692307 0.4951923076923077 0.07091346153846154 0.0889423076923077
12 0.7560096153846154 0.34134615384615385 0.051682692307692304 0.11057692307692307
12 0.7908653846153846 0.4423076923076923 0.07692307692307693 0.11057692307692307
12 0.8076923076923077 0.53125 0.07451923076923077 0.0733173076923077
12 0.828125 0.38822115384615385 0.052884615384615384 0.11057692307692307
12 0.8641826923076923 0.4951923076923077 0.08173076923076923 0.10817307692307693