2 0.15144230769230768 0.22596153846153846 0.30288461538461536 0.24879807692307693
2 0.3954326923076923 0.12379807692307693 0.13942307692307693 0.10096153846153846
2 0.6802884615384616 0.7403846153846154 0.36177884615384615 0.35216346153846156
6 0.046875 0.30408653846153844 0.09375 0.052884615384615384
6 0.16947115384615385 0.08173076923076923 0.19831730769230768 0.052884615384615384
6 0.2980769230769231 0.7680288461538461 0.2776442307692308 0.29927884615384615
6 0.296875 0.4483173076923077 0.25721153846153844 0.2860576923076923
6 0.43149038461538464 0.17908653846153846 0.32091346153846156 0.16346153846153846
6 0.45072115384615385 0.8185096153846154 0.16826923076923078 0.17908653846153846
6 0.8004807692307693 0.5793269230769231 0.39783653846153844 0.17668269230769232
6 0.7836538461538461 0.25721153846153844 0.328125 0.20072115384615385
6 0.8389423076923077 0.796875 0.11177884615384616 0.31850961538461536
6 0.9447115384615384 0.7487980769230769 0.109375 0.13942307692307693