7 0.15865384615384615 0.8665865384615384 0.3173076923076923 0.24278846153846154
7 0.22355769230769232 0.5973557692307693 0.33533653846153844 0.203125
7 0.2704326923076923 0.42908653846153844 0.23197115384615385 0.1346153846153846
7 0.24879807692307693 0.3161057692307692 0.16947115384615385 0.08533653846153846
7 0.3004807692307692 0.2283653846153846 0.18509615384615385 0.07091346153846154
7 0.3233173076923077 0.16466346153846154 0.17427884615384615 0.06129807692307692
7 0.33413461538461536 0.02403846153846154 0.12740384615384615 0.042067307692307696
7 0.34615384615384615 0.055288461538461536 0.14903846153846154 0.04807692307692308
7 0.35216346153846156 0.10697115384615384 0.15504807692307693 0.05048076923076923
7 0.359375 0.07091346153846154 0.125 0.04447115384615385
7 0.5408653846153846 0.039663461538461536 0.09615384615384616 0.040865384615384616
7 0.5841346153846154 0.007211538461538462 0.0829326923076923 0.014423076923076924
7 0.6983173076923077 0.8737980769230769 0.2956730769230769 0.1875
7 0.671875 0.1814903846153846 0.13581730769230768 0.04326923076923077
7 0.6766826923076923 0.01201923076923077 0.0889423076923077 0.02403846153846154
7 0.7319711538461539 0.2668269230769231 0.1778846153846154 0.07091346153846154
7 0.7632211538461539 0.0889423076923077 0.13341346153846154 0.04807692307692308
7 0.8233173076923077 0.3641826923076923 0.24278846153846154 0.1045673076923077