8 0.234375 0.22716346153846154 0.06490384615384616 0.0985576923076923
8 0.2403846153846154 0.5865384615384616 0.07572115384615384 0.25841346153846156
8 0.3425480769230769 0.4098557692307692 0.10336538461538461 0.18990384615384615
8 0.3942307692307692 0.375 0.1875 0.2548076923076923
8 0.3293269230769231 0.3004807692307692 0.006009615384615385 0.013221153846153846
8 0.3317307692307692 0.27403846153846156 0.009615384615384616 0.013221153846153846
8 0.3942307692307692 0.5492788461538461 0.04326923076923077 0.11057692307692307
8 0.43028846153846156 0.33653846153846156 0.10216346153846154 0.1971153846153846
8 0.5240384615384616 0.4951923076923077 0.18269230769230768 0.2704326923076923
8 0.4639423076923077 0.5444711538461539 0.04447115384615385 0.16466346153846154
8 0.6274038461538461 0.7920673076923077 0.09014423076923077 0.1658653846153846
8 0.6586538461538461 0.4230769230769231 0.055288461538461536 0.1201923076923077
8 0.7776442307692307 0.5348557692307693 0.013221153846153846 0.052884615384615384
8 0.8353365384615384 0.3701923076923077 0.021634615384615384 0.08173076923076923
8 0.9026442307692307 0.3858173076923077 0.028846153846153848 0.06490384615384616
8 0.9290865384615384 0.4074519230769231 0.04927884615384615 0.052884615384615384
8 0.9194711538461539 0.5360576923076923 0.018028846153846152 0.039663461538461536
8 0.9867788461538461 0.41466346153846156 0.019230769230769232 0.04567307692307692