18 0.49399038461538464 0.5865384615384616 0.9867788461538461 0.8245192307692307
18 0.07451923076923077 0.47475961538461536 0.1466346153846154 0.16706730769230768
18 0.10576923076923077 0.6153846153846154 0.16346153846153846 0.11778846153846154
18 0.11298076923076923 0.7584134615384616 0.17067307692307693 0.18990384615384615
18 0.15504807692307693 0.5372596153846154 0.14783653846153846 0.14543269230769232
18 0.15985576923076922 0.38822115384615385 0.15504807692307693 0.14543269230769232
18 0.23677884615384615 0.7175480769230769 0.13822115384615385 0.14302884615384615
18 0.23677884615384615 0.9350961538461539 0.12980769230769232 0.12740384615384615
18 0.27884615384615385 0.5901442307692307 0.19591346153846154 0.1346153846153846
18 0.26802884615384615 0.42427884615384615 0.1346153846153846 0.16105769230769232
18 0.25721153846153844 0.8269230769230769 0.07572115384615384 0.09014423076923077
18 0.3401442307692308 0.9278846153846154 0.1814903846153846 0.12379807692307693
18 0.35697115384615385 0.8641826923076923 0.21153846153846154 0.1971153846153846
18 0.35216346153846156 0.4723557692307692 0.15384615384615385 0.13942307692307693
18 0.34375 0.3485576923076923 0.11057692307692307 0.11298076923076923
18 0.421875 0.6754807692307693 0.18509615384615385 0.18629807692307693
18 0.4483173076923077 0.37259615384615385 0.1466346153846154 0.14302884615384615
18 0.4735576923076923 0.5420673076923077 0.1346153846153846 0.13701923076923078
18 0.4651442307692308 0.2824519230769231 0.11298076923076923 0.10576923076923077
18 0.5060096153846154 0.9110576923076923 0.10576923076923077 0.1310096153846154
18 0.5600961538461539 0.42908653846153844 0.14543269230769232 0.13942307692307693
18 0.5805288461538461 0.7439903846153846 0.15985576923076922 0.19110576923076922
18 0.5793269230769231 0.30288461538461536 0.140625 0.13581730769230768
18 0.5817307692307693 0.23076923076923078 0.11778846153846154 0.09014423076923077
18 0.5997596153846154 0.5805288461538461 0.15264423076923078 0.14302884615384615
18 0.6177884615384616 0.9110576923076923 0.09495192307692307 0.17548076923076922
18 0.6682692307692307 0.36658653846153844 0.11057692307692307 0.17668269230769232
18 0.8209134615384616 0.515625 0.35697115384615385 0.3485576923076923
18 0.7379807692307693 0.9014423076923077 0.11177884615384616 0.09975961538461539
18 0.7584134615384616 0.8052884615384616 0.14182692307692307 0.14182692307692307