5 0.18389423076923078 0.171875 0.09975961538461539 0.25841346153846156
5 0.20072115384615385 0.3473557692307692 0.07932692307692307 0.2620192307692308
5 0.2824519230769231 0.4807692307692308 0.19951923076923078 0.2824519230769231
5 0.3016826923076923 0.109375 0.1141826923076923 0.21875
5 0.27524038461538464 0.23798076923076922 0.038461538461538464 0.07451923076923077
5 0.33653846153846156 0.22596153846153846 0.09495192307692307 0.20793269230769232
5 0.36778846153846156 0.22596153846153846 0.07211538461538461 0.16826923076923078
5 0.4495192307692308 0.41947115384615385 0.15504807692307693 0.609375
5 0.5733173076923077 0.5 0.2644230769230769 0.9987980769230769
5 0.6838942307692307 0.5757211538461539 0.328125 0.8461538461538461
5 0.7920673076923077 0.6514423076923077 0.37259615384615385 0.6947115384615384