0 0.5252403846153846 0.8137019230769231 0.15625 0.10697115384615384
0 0.3245192307692308 0.2668269230769231 0.47475961538461536 0.13822115384615385
0 0.11177884615384616 0.6670673076923077 0.020432692307692308 0.039663461538461536
0 0.1141826923076923 0.5012019230769231 0.020432692307692308 0.030048076923076924
0 0.11778846153846154 0.5252403846153846 0.018028846153846152 0.018028846153846152
0 0.3112980769230769 0.1466346153846154 0.4050480769230769 0.11778846153846154
0 0.11778846153846154 0.703125 0.01201923076923077 0.02403846153846154
0 0.16466346153846154 0.05889423076923077 0.08173076923076923 0.0673076923076923
0 0.13822115384615385 0.8353365384615384 0.02283653846153846 0.040865384615384616
0 0.14423076923076922 0.9014423076923077 0.036057692307692304 0.051682692307692304
0 0.29086538461538464 0.4651442307692308 0.28966346153846156 0.2608173076923077
0 0.16826923076923078 0.9459134615384616 0.039663461538461536 0.030048076923076924
0 0.39302884615384615 0.7379807692307693 0.3245192307692308 0.25841346153846156
0 0.39783653846153844 0.96875 0.22956730769230768 0.06009615384615385
0 0.390625 0.026442307692307692 0.06370192307692307 0.03125
0 0.47836538461538464 0.4483173076923077 0.10697115384615384 0.13341346153846154
0 0.4519230769230769 0.054086538461538464 0.009615384615384616 0.013221153846153846
0 0.5588942307692307 0.9771634615384616 0.125 0.04447115384615385
0 0.5360576923076923 0.008413461538461538 0.037259615384615384 0.016826923076923076
0 0.5396634615384616 0.07211538461538461 0.007211538461538462 0.007211538461538462
0 0.546875 0.07572115384615384 0.009615384615384616 0.010817307692307692
0 0.5564903846153846 0.010817307692307692 0.02283653846153846 0.013221153846153846
0 0.7752403846153846 0.4375 0.44711538461538464 0.30528846153846156
0 0.7764423076923077 0.6935096153846154 0.4423076923076923 0.25721153846153844
0 0.5612980769230769 0.08774038461538461 0.009615384615384616 0.016826923076923076
0 0.5721153846153846 0.09615384615384616 0.018028846153846152 0.009615384615384616
0 0.7475961538461539 0.9206730769230769 0.1346153846153846 0.06129807692307692
0 0.7043269230769231 0.12379807692307693 0.015625 0.013221153846153846
0 0.7043269230769231 0.13341346153846154 0.015625 0.009615384615384616
0 0.8389423076923077 0.07692307692307693 0.2548076923076923 0.0673076923076923
0 0.7331730769230769 0.13822115384615385 0.015625 0.013221153846153846
0 0.8509615384615384 0.9663461538461539 0.19951923076923078 0.06610576923076923
0 0.8425480769230769 0.8870192307692307 0.1346153846153846 0.10697115384615384
0 0.8197115384615384 0.1814903846153846 0.028846153846153848 0.030048076923076924
0 0.8509615384615384 0.18870192307692307 0.014423076923076924 0.013221153846153846
0 0.859375 0.19591346153846154 0.02283653846153846 0.019230769230769232
0 0.9266826923076923 0.9026442307692307 0.14423076923076922 0.1502403846153846
0 0.9302884615384616 0.20673076923076922 0.11778846153846154 0.09014423076923077