17 0.19230769230769232 0.6177884615384616 0.03365384615384615 0.0733173076923077
17 0.2608173076923077 0.5168269230769231 0.07451923076923077 0.12740384615384615
17 0.35096153846153844 0.6262019230769231 0.06610576923076923 0.11298076923076923
17 0.3858173076923077 0.6959134615384616 0.09615384615384616 0.22355769230769232
17 0.36899038461538464 0.5084134615384616 0.04567307692307692 0.0733173076923077
17 0.4098557692307692 0.5793269230769231 0.06370192307692307 0.11057692307692307
17 0.41225961538461536 0.5300480769230769 0.06850961538461539 0.06129807692307692
17 0.49399038461538464 0.5084134615384616 0.057692307692307696 0.0733173076923077
17 0.5805288461538461 0.6490384615384616 0.10216346153846154 0.14903846153846154
17 0.5588942307692307 0.515625 0.028846153846153848 0.051682692307692304
17 0.5625 0.47596153846153844 0.03485576923076923 0.04326923076923077
17 0.5817307692307693 0.5480769230769231 0.057692307692307696 0.08052884615384616
17 0.6310096153846154 0.515625 0.038461538461538464 0.0673076923076923
17 0.8064903846153846 0.6021634615384616 0.38221153846153844 0.5600961538461539