2 0.17548076923076922 0.625 0.12740384615384615 0.27163461538461536
2 0.22956730769230768 0.390625 0.0889423076923077 0.11057692307692307
2 0.25961538461538464 0.14543269230769232 0.09735576923076923 0.21875
2 0.2704326923076923 0.8461538461538461 0.11057692307692307 0.18269230769230768
2 0.3076923076923077 0.7716346153846154 0.13581730769230768 0.29086538461538464
2 0.3137019230769231 0.27403846153846156 0.040865384615384616 0.0733173076923077
2 0.36658653846153844 0.5588942307692307 0.13942307692307693 0.25721153846153844
2 0.43509615384615385 0.8641826923076923 0.10216346153846154 0.20673076923076922
2 0.5552884615384616 0.9435096153846154 0.07572115384615384 0.109375
2 0.6033653846153846 0.6081730769230769 0.07091346153846154 0.10817307692307693
2 0.65625 0.25841346153846156 0.11298076923076923 0.19110576923076922
2 0.6995192307692307 0.7560096153846154 0.0985576923076923 0.20793269230769232
2 0.7596153846153846 0.7331730769230769 0.12740384615384615 0.18028846153846154
2 0.7608173076923077 0.6298076923076923 0.0829326923076923 0.11778846153846154
2 0.8197115384615384 0.36658653846153844 0.0829326923076923 0.14182692307692307