18 0.6538461538461539 0.3233173076923077 0.14423076923076922 0.20432692307692307
18 0.24759615384615385 0.4362980769230769 0.12139423076923077 0.23197115384615385
18 0.28125 0.6117788461538461 0.14302884615384615 0.2512019230769231
18 0.2776442307692308 0.28966346153846156 0.1201923076923077 0.18269230769230768
18 0.359375 0.21394230769230768 0.1310096153846154 0.19591346153846154
18 0.4110576923076923 0.7115384615384616 0.18269230769230768 0.234375
18 0.47836538461538464 0.15985576923076922 0.16346153846153846 0.18269230769230768
18 0.5360576923076923 0.734375 0.13581730769230768 0.1935096153846154
18 0.6081730769230769 0.6213942307692307 0.1466346153846154 0.1935096153846154
18 0.5889423076923077 0.19831730769230768 0.09134615384615384 0.15504807692307693
18 0.6658653846153846 0.4879807692307692 0.13581730769230768 0.2127403846153846