5 0.4891826923076923 0.8245192307692307 0.19230769230769232 0.34975961538461536
5 0.5132211538461539 0.5552884615384616 0.23918269230769232 0.8822115384615384
5 0.515625 0.5552884615384616 0.2439903846153846 0.8870192307692307
5 0.4891826923076923 0.8245192307692307 0.18629807692307693 0.3485576923076923
5 0.6658653846153846 0.7764423076923077 0.20432692307692307 0.44591346153846156
5 0.6670673076923077 0.7824519230769231 0.20072115384615385 0.4338942307692308
5 0.7475961538461539 0.48677884615384615 0.3161057692307692 0.5997596153846154
5 0.7956730769230769 0.47596153846153844 0.4074519230769231 0.578125
5 0.7548076923076923 0.7980769230769231 0.16105769230769232 0.4026442307692308
5 0.828125 0.6274038461538461 0.15384615384615385 0.3004807692307692
5 0.9026442307692307 0.625 0.19230769230769232 0.26322115384615385
5 0.8942307692307693 0.8377403846153846 0.1658653846153846 0.12740384615384615
5 0.9206730769230769 0.8125 0.15745192307692307 0.12860576923076922