17 0.07211538461538461 0.25721153846153844 0.11538461538461539 0.09735576923076923
17 0.07932692307692307 0.39302884615384615 0.11538461538461539 0.15504807692307693
17 0.16706730769230768 0.29086538461538464 0.09375 0.078125
17 0.20432692307692307 0.421875 0.09014423076923077 0.09014423076923077
17 0.2512019230769231 0.6286057692307693 0.11658653846153846 0.15144230769230768
17 0.3605769230769231 0.44711538461538464 0.0985576923076923 0.08774038461538461
17 0.4050480769230769 0.6754807692307693 0.11899038461538461 0.1045673076923077
17 0.4699519230769231 0.4387019230769231 0.10576923076923077 0.10817307692307693
17 0.5324519230769231 0.6730769230769231 0.125 0.10576923076923077
17 0.5949519230769231 0.4495192307692308 0.09495192307692307 0.109375
17 0.8894230769230769 0.27403846153846156 0.07692307692307693 0.12860576923076922
17 0.9314903846153846 0.6778846153846154 0.1346153846153846 0.13942307692307693
17 0.9483173076923077 0.45552884615384615 0.09975961538461539 0.12379807692307693
17 0.9627403846153846 0.27163461538461536 0.07091346153846154 0.0985576923076923