17 0.5012019230769231 0.38341346153846156 0.9963942307692307 0.3449519230769231
17 0.08533653846153846 0.6165865384615384 0.028846153846153848 0.038461538461538464
17 0.140625 0.7019230769230769 0.042067307692307696 0.06850961538461539
17 0.17067307692307693 0.5709134615384616 0.028846153846153848 0.04326923076923077
17 0.25961538461538464 0.5324519230769231 0.020432692307692308 0.03485576923076923
17 0.27403846153846156 0.5012019230769231 0.020432692307692308 0.027644230769230768
17 0.2920673076923077 0.5625 0.020432692307692308 0.051682692307692304
17 0.3125 0.5180288461538461 0.02403846153846154 0.037259615384615384
17 0.3233173076923077 0.6141826923076923 0.026442307692307692 0.04807692307692308
17 0.3545673076923077 0.6358173076923077 0.028846153846153848 0.05048076923076923
17 0.41586538461538464 0.5901442307692307 0.025240384615384616 0.037259615384615384
17 0.4543269230769231 0.6730769230769231 0.03365384615384615 0.07451923076923077
17 0.5216346153846154 0.6322115384615384 0.025240384615384616 0.04807692307692308
17 0.5649038461538461 0.7391826923076923 0.04447115384615385 0.08653846153846154
17 0.5745192307692307 0.5360576923076923 0.025240384615384616 0.037259615384615384
17 0.6081730769230769 0.6646634615384616 0.039663461538461536 0.051682692307692304
17 0.6177884615384616 0.5961538461538461 0.025240384615384616 0.056490384615384616
17 0.6418269230769231 0.6141826923076923 0.03245192307692308 0.04326923076923077
17 0.6442307692307693 0.5504807692307693 0.015625 0.030048076923076924
17 0.6598557692307693 0.7067307692307693 0.037259615384615384 0.054086538461538464
17 0.65625 0.5733173076923077 0.02403846153846154 0.038461538461538464
17 0.7247596153846154 0.546875 0.016826923076923076 0.027644230769230768
17 0.7355769230769231 0.6490384615384616 0.03485576923076923 0.04567307692307692
17 0.7391826923076923 0.5745192307692307 0.021634615384615384 0.037259615384615384
17 0.7451923076923077 0.546875 0.018028846153846152 0.037259615384615384
17 0.7836538461538461 0.8185096153846154 0.038461538461538464 0.05889423076923077
17 0.8028846153846154 0.5372596153846154 0.02283653846153846 0.038461538461538464
17 0.8257211538461539 0.5600961538461539 0.025240384615384616 0.055288461538461536
17 0.8533653846153846 0.8221153846153846 0.056490384615384616 0.0673076923076923
17 0.8894230769230769 0.5769230769230769 0.025240384615384616 0.04567307692307692
17 0.9050480769230769 0.7512019230769231 0.038461538461538464 0.0673076923076923
17 0.9326923076923077 0.6069711538461539 0.03125 0.042067307692307696