18 0.8100961538461539 0.6454326923076923 0.19831730769230768 0.16466346153846154
18 0.23076923076923078 0.49038461538461536 0.17668269230769232 0.14543269230769232
18 0.2536057692307692 0.35216346153846156 0.1778846153846154 0.15865384615384615
18 0.26322115384615385 0.6033653846153846 0.19831730769230768 0.109375
18 0.25841346153846156 0.6887019230769231 0.17067307692307693 0.2403846153846154
18 0.29447115384615385 0.7932692307692307 0.16105769230769232 0.28365384615384615
18 0.3004807692307692 0.2764423076923077 0.15625 0.21514423076923078
18 0.3293269230769231 0.20072115384615385 0.10096153846153846 0.22716346153846154
18 0.3557692307692308 0.8605769230769231 0.1502403846153846 0.2776442307692308
18 0.42908653846153844 0.17067307692307693 0.12740384615384615 0.2247596153846154
18 0.4387019230769231 0.8846153846153846 0.13822115384615385 0.22956730769230768
18 0.5564903846153846 0.14783653846153846 0.15625 0.17908653846153846
18 0.5528846153846154 0.8954326923076923 0.11177884615384616 0.20673076923076922
18 0.6201923076923077 0.18990384615384615 0.15745192307692307 0.18028846153846154
18 0.6262019230769231 0.8834134615384616 0.16105769230769232 0.23197115384615385
18 0.6899038461538461 0.8425480769230769 0.16826923076923078 0.25841346153846156
18 0.7079326923076923 0.24158653846153846 0.19230769230769232 0.1778846153846154
18 0.7608173076923077 0.7644230769230769 0.171875 0.24759615384615385
18 0.7620192307692307 0.31490384615384615 0.17427884615384615 0.12860576923076922
18 0.8245192307692307 0.5096153846153846 0.19591346153846154 0.1045673076923077
18 0.8185096153846154 0.3942307692307692 0.16706730769230768 0.13701923076923078
7 0.3918269230769231 0.5120192307692307 0.21033653846153846 0.14783653846153846
7 0.5096153846153846 0.33413461538461536 0.11057692307692307 0.24278846153846154
7 0.5252403846153846 0.6454326923076923 0.11658653846153846 0.3004807692307692
7 0.6418269230769231 0.45913461538461536 0.19230769230769232 0.12259615384615384