18 0.265625 0.65625 0.10336538461538461 0.2247596153846154
18 0.24759615384615385 0.45072115384615385 0.13221153846153846 0.16826923076923078
18 0.29447115384615385 0.33052884615384615 0.13341346153846154 0.15264423076923078
18 0.3233173076923077 0.7884615384615384 0.13701923076923078 0.18990384615384615
18 0.37259615384615385 0.15865384615384615 0.14543269230769232 0.234375
18 0.39903846153846156 0.8725961538461539 0.11778846153846154 0.25240384615384615
18 0.4735576923076923 0.9194711538461539 0.1201923076923077 0.15625
18 0.49038461538461536 0.15865384615384615 0.09375 0.234375
18 0.5252403846153846 0.8317307692307693 0.109375 0.20552884615384615
18 0.5973557692307693 0.25961538461538464 0.09134615384615384 0.27524038461538464
18 0.6045673076923077 0.8497596153846154 0.10697115384615384 0.2247596153846154
18 0.6370192307692307 0.6935096153846154 0.15504807692307693 0.2403846153846154
18 0.6838942307692307 0.24759615384615385 0.13341346153846154 0.22115384615384615
18 0.71875 0.5961538461538461 0.12379807692307693 0.23798076923076922
18 0.71875 0.41947115384615385 0.1201923076923077 0.17427884615384615