11 0.06490384615384616 0.49759615384615385 0.12980769230769232 0.1875
11 0.07692307692307693 0.45552884615384615 0.109375 0.19110576923076922
11 0.1346153846153846 0.42788461538461536 0.10336538461538461 0.17067307692307693
11 0.2620192307692308 0.47115384615384615 0.08774038461538461 0.15745192307692307
11 0.2920673076923077 0.7788461538461539 0.11298076923076923 0.1346153846153846
11 0.36538461538461536 0.31850961538461536 0.21754807692307693 0.5024038461538461
11 0.35336538461538464 0.6298076923076923 0.12620192307692307 0.22235576923076922
11 0.34134615384615385 0.43028846153846156 0.0733173076923077 0.11658653846153846
11 0.38341346153846156 0.8076923076923077 0.06009615384615385 0.06610576923076923
11 0.4543269230769231 0.7331730769230769 0.07692307692307693 0.0889423076923077
11 0.4639423076923077 0.5817307692307693 0.08653846153846154 0.13581730769230768
11 0.49759615384615385 0.47475961538461536 0.0889423076923077 0.14543269230769232
11 0.5192307692307693 0.75 0.05048076923076923 0.0673076923076923
11 0.7307692307692307 0.8978365384615384 0.13822115384615385 0.17427884615384615
11 0.7716346153846154 0.6141826923076923 0.10817307692307693 0.25600961538461536
11 0.8521634615384616 0.5240384615384616 0.15384615384615385 0.45072115384615385
11 0.8641826923076923 0.9206730769230769 0.10336538461538461 0.13822115384615385
11 0.9387019230769231 0.9098557692307693 0.0889423076923077 0.14423076923076922