0 0.09615384615384616 0.6862980769230769 0.10576923076923077 0.1346153846153846
0 0.06490384615384616 0.11538461538461539 0.12980769230769232 0.23076923076923078
0 0.1201923076923077 0.5612980769230769 0.23918269230769232 0.4411057692307692
0 0.25961538461538464 0.10697115384615384 0.23317307692307693 0.2127403846153846
0 0.3269230769230769 0.9038461538461539 0.25600961538461536 0.19110576923076922
0 0.47115384615384615 0.45072115384615385 0.3545673076923077 0.3329326923076923
0 0.4963942307692308 0.08774038461538461 0.18509615384615385 0.17548076923076922
0 0.6394230769230769 0.8004807692307693 0.21634615384615385 0.22355769230769232
0 0.6670673076923077 0.0673076923076923 0.17307692307692307 0.1346153846153846
0 0.8064903846153846 0.3581730769230769 0.30288461538461536 0.27403846153846156
0 0.8377403846153846 0.7007211538461539 0.203125 0.1971153846153846
0 0.8305288461538461 0.056490384615384616 0.12259615384615384 0.11298076923076923
0 0.9362980769230769 0.26322115384615385 0.125 0.21634615384615385