8 0.35697115384615385 0.4014423076923077 0.1658653846153846 0.12860576923076922
8 0.6033653846153846 0.19831730769230768 0.06490384615384616 0.039663461538461536
8 0.6141826923076923 0.23918269230769232 0.052884615384615384 0.040865384615384616
8 0.65625 0.6322115384615384 0.054086538461538464 0.03365384615384615
8 0.6742788461538461 0.6730769230769231 0.0625 0.04326923076923077
8 0.6826923076923077 0.22235576923076922 0.04567307692307692 0.037259615384615384
8 0.6935096153846154 0.19230769230769232 0.0625 0.040865384615384616
8 0.7331730769230769 0.6802884615384616 0.04807692307692308 0.037259615384615384
8 0.7355769230769231 0.6394230769230769 0.05048076923076923 0.037259615384615384
8 0.7415865384615384 0.20673076923076922 0.038461538461538464 0.03245192307692308
8 0.7824519230769231 0.6766826923076923 0.036057692307692304 0.027644230769230768