18 0.546875 0.7668269230769231 0.14543269230769232 0.234375
18 0.3605769230769231 0.8161057692307693 0.13822115384615385 0.19110576923076922
18 0.4639423076923077 0.9026442307692307 0.13822115384615385 0.1935096153846154
18 0.5865384615384616 0.5925480769230769 0.14783653846153846 0.1814903846153846
18 0.6117788461538461 0.4963942307692308 0.171875 0.2620192307692308
18 0.5697115384615384 0.8581730769230769 0.08533653846153846 0.08533653846153846
18 0.6382211538461539 0.35096153846153844 0.09014423076923077 0.07091346153846154
18 0.7067307692307693 0.5949519230769231 0.09134615384615384 0.09134615384615384
18 0.7127403846153846 0.5096153846153846 0.0889423076923077 0.140625
18 0.734375 0.36899038461538464 0.11658653846153846 0.18028846153846154
18 0.8052884615384616 0.5685096153846154 0.1201923076923077 0.16105769230769232
18 0.8161057692307693 0.39903846153846156 0.140625 0.2283653846153846
18 0.8149038461538461 0.7139423076923077 0.10697115384615384 0.13822115384615385
18 0.9831730769230769 0.9495192307692307 0.03125 0.09375