13 0.15625 0.7740384615384616 0.21033653846153846 0.27403846153846156
13 0.17548076923076922 0.46634615384615385 0.18389423076923078 0.18269230769230768
13 0.18269230769230768 0.18990384615384615 0.16947115384615385 0.20673076923076922
13 0.34134615384615385 0.3245192307692308 0.16947115384615385 0.18028846153846154
13 0.3605769230769231 0.578125 0.17548076923076922 0.21394230769230768
13 0.5060096153846154 0.16105769230769232 0.19110576923076922 0.18269230769230768
13 0.5360576923076923 0.4519230769230769 0.19831730769230768 0.24879807692307693
13 0.7007211538461539 0.3137019230769231 0.16346153846153846 0.18990384615384615
13 0.7367788461538461 0.59375 0.14182692307692307 0.23317307692307693
13 0.8701923076923077 0.45913461538461536 0.15865384615384615 0.20552884615384615
13 0.8461538461538461 0.21754807692307693 0.09375 0.20673076923076922
13 0.9170673076923077 0.7487980769230769 0.16105769230769232 0.2283653846153846