15 0.203125 0.39302884615384615 0.1310096153846154 0.11057692307692307
15 0.19471153846153846 0.4266826923076923 0.07451923076923077 0.10336538461538461
15 0.24158653846153846 0.47716346153846156 0.13942307692307693 0.11538461538461539
15 0.25841346153846156 0.5480769230769231 0.13942307692307693 0.13942307692307693
15 0.44471153846153844 0.46274038461538464 0.11778846153846154 0.11658653846153846
15 0.44711538461538464 0.5240384615384616 0.0733173076923077 0.09495192307692307
15 0.5204326923076923 0.5612980769230769 0.12740384615384615 0.14783653846153846
15 0.5625 0.6322115384615384 0.14423076923076922 0.16105769230769232
15 0.6983173076923077 0.46033653846153844 0.12620192307692307 0.11298076923076923
15 0.75 0.49038461538461536 0.11899038461538461 0.10576923076923077
15 0.796875 0.5456730769230769 0.11298076923076923 0.12379807692307693
15 0.8497596153846154 0.59375 0.1502403846153846 0.15865384615384615