12 0.20552884615384615 0.6646634615384616 0.1346153846153846 0.12980769230769232
12 0.2704326923076923 0.3269230769230769 0.08173076923076923 0.09375
12 0.41947115384615385 0.5012019230769231 0.030048076923076924 0.042067307692307696
12 0.5456730769230769 0.5961538461538461 0.027644230769230768 0.042067307692307696
12 0.5697115384615384 0.6057692307692307 0.03245192307692308 0.04326923076923077
12 0.5865384615384616 0.4098557692307692 0.06370192307692307 0.07451923076923077
12 0.9567307692307693 0.3245192307692308 0.08173076923076923 0.08533653846153846
12 0.9459134615384616 0.4699519230769231 0.038461538461538464 0.037259615384615384
9 0.20432692307692307 0.65625 0.1201923076923077 0.13942307692307693
9 0.26802884615384615 0.3317307692307692 0.07932692307692307 0.09615384615384616
9 0.4170673076923077 0.5024038461538461 0.03485576923076923 0.04326923076923077
9 0.5396634615384616 0.5985576923076923 0.039663461538461536 0.038461538461538464
9 0.5841346153846154 0.4110576923076923 0.06490384615384616 0.08413461538461539
9 0.5745192307692307 0.6069711538461539 0.03485576923076923 0.04447115384615385
9 0.71875 0.8004807692307693 0.056490384615384616 0.04807692307692308
9 0.7439903846153846 0.7487980769230769 0.055288461538461536 0.046875
9 0.9555288461538461 0.32572115384615385 0.08653846153846154 0.10336538461538461
9 0.9423076923076923 0.47115384615384615 0.037259615384615384 0.05048076923076923