17 0.38461538461538464 0.6911057692307693 0.23918269230769232 0.20673076923076922
17 0.08052884615384616 0.6899038461538461 0.16105769230769232 0.09134615384615384
17 0.18389423076923078 0.9146634615384616 0.36778846153846156 0.15625
17 0.07211538461538461 0.49158653846153844 0.12259615384615384 0.04807692307692308
17 0.09254807692307693 0.5420673076923077 0.15745192307692307 0.06129807692307692
17 0.4855769230769231 0.5540865384615384 0.11057692307692307 0.05048076923076923
17 0.5 0.46634615384615385 0.08653846153846154 0.06009615384615385
17 0.6033653846153846 0.5709134615384616 0.10096153846153846 0.05889423076923077
17 0.6526442307692307 0.6634615384615384 0.19230769230769232 0.11177884615384616
17 0.6766826923076923 0.5372596153846154 0.11778846153846154 0.06490384615384616
17 0.7427884615384616 0.6394230769230769 0.171875 0.10697115384615384
17 0.7740384615384616 0.49038461538461536 0.11057692307692307 0.0889423076923077
17 0.8713942307692307 0.7391826923076923 0.2548076923076923 0.12259615384615384
17 0.8762019230769231 0.5865384615384616 0.15745192307692307 0.0733173076923077
17 0.9507211538461539 0.4411057692307692 0.0673076923076923 0.04447115384615385