0 0.203125 0.6610576923076923 0.10336538461538461 0.2824519230769231
0 0.23557692307692307 0.44591346153846156 0.10576923076923077 0.07211538461538461
0 0.2548076923076923 0.37259615384615385 0.03485576923076923 0.03245192307692308
0 0.3125 0.6634615384615384 0.11177884615384616 0.1971153846153846
0 0.3004807692307692 0.37259615384615385 0.04807692307692308 0.03245192307692308
0 0.3016826923076923 0.30288461538461536 0.051682692307692304 0.039663461538461536
0 0.30528846153846156 0.44591346153846156 0.04567307692307692 0.036057692307692304
0 0.33774038461538464 0.5216346153846154 0.10336538461538461 0.09615384615384616
0 0.36778846153846156 0.44591346153846156 0.06009615384615385 0.040865384615384616
0 0.37259615384615385 0.3786057692307692 0.06370192307692307 0.03125
0 0.3762019230769231 0.30649038461538464 0.06610576923076923 0.03485576923076923
0 0.4639423076923077 0.7355769230769231 0.17548076923076922 0.3473557692307692
0 0.5180288461538461 0.12379807692307693 0.18990384615384615 0.24639423076923078
0 0.5264423076923077 0.41466346153846156 0.18629807692307693 0.21514423076923078
0 0.5625 0.9074519230769231 0.1875 0.18269230769230768
0 0.5108173076923077 0.5372596153846154 0.051682692307692304 0.020432692307692308
0 0.6045673076923077 0.49038461538461536 0.13341346153846154 0.2536057692307692
0 0.6550480769230769 0.765625 0.18389423076923078 0.28365384615384615
0 0.5889423076923077 0.8942307692307693 0.03365384615384615 0.039663461538461536
0 0.7776442307692307 0.15144230769230768 0.20673076923076922 0.28966346153846156
0 0.7788461538461539 0.49278846153846156 0.20192307692307693 0.27884615384615385
0 0.8161057692307693 0.6490384615384616 0.140625 0.15865384615384615
0 0.8497596153846154 0.7331730769230769 0.13701923076923078 0.0829326923076923