11 0.203125 0.49278846153846156 0.13822115384615385 0.2091346153846154
11 0.22355769230769232 0.07692307692307693 0.16706730769230768 0.15264423076923078
11 0.23677884615384615 0.6490384615384616 0.07091346153846154 0.09014423076923077
11 0.28365384615384615 0.46634615384615385 0.15745192307692307 0.1935096153846154
11 0.26802884615384615 0.28365384615384615 0.11658653846153846 0.14182692307692307
11 0.2668269230769231 0.7223557692307693 0.07572115384615384 0.08533653846153846
11 0.2920673076923077 0.6141826923076923 0.125 0.12620192307692307
11 0.3581730769230769 0.6790865384615384 0.15504807692307693 0.16105769230769232
11 0.3605769230769231 0.5540865384615384 0.10697115384615384 0.10096153846153846
11 0.40865384615384615 0.2704326923076923 0.1875 0.22355769230769232
11 0.4110576923076923 0.07211538461538461 0.1141826923076923 0.14423076923076922
11 0.4362980769230769 0.4987980769230769 0.16466346153846154 0.2403846153846154
11 0.4519230769230769 0.7824519230769231 0.12980769230769232 0.1935096153846154
11 0.5288461538461539 0.7403846153846154 0.20673076923076922 0.11177884615384616
11 0.5012019230769231 0.38100961538461536 0.1466346153846154 0.13822115384615385
11 0.5036057692307693 0.6262019230769231 0.1201923076923077 0.15384615384615385
11 0.5709134615384616 0.4951923076923077 0.13942307692307693 0.13822115384615385
11 0.5889423076923077 0.1502403846153846 0.13701923076923078 0.1346153846153846
11 0.6225961538461539 0.28966346153846156 0.14423076923076922 0.23557692307692307
11 0.609375 0.8149038461538461 0.10336538461538461 0.12980769230769232
11 0.6274038461538461 0.9459134615384616 0.08413461538461539 0.10697115384615384
11 0.6826923076923077 0.4266826923076923 0.13221153846153846 0.1971153846153846
11 0.7151442307692307 0.6983173076923077 0.06850961538461539 0.06850961538461539
11 0.7439903846153846 0.2860576923076923 0.109375 0.1502403846153846
11 0.7608173076923077 0.5264423076923077 0.1141826923076923 0.15865384615384615
11 0.7872596153846154 0.7331730769230769 0.10576923076923077 0.10216346153846154
11 0.8161057692307693 0.38822115384615385 0.09495192307692307 0.12620192307692307
11 0.8161057692307693 0.48197115384615385 0.08173076923076923 0.10336538461538461
11 0.8305288461538461 0.29447115384615385 0.08173076923076923 0.056490384615384616
11 0.8810096153846154 0.43990384615384615 0.07692307692307693 0.04447115384615385