18 0.5649038461538461 0.8509615384615384 0.29086538461538464 0.18509615384615385
18 0.0673076923076923 0.7860576923076923 0.13341346153846154 0.1622596153846154
18 0.11658653846153846 0.9507211538461539 0.23317307692307693 0.09735576923076923
18 0.12740384615384615 0.8389423076923077 0.2127403846153846 0.15985576923076922
18 0.3173076923076923 0.9206730769230769 0.2848557692307692 0.15745192307692307
18 0.328125 0.8245192307692307 0.18870192307692307 0.09735576923076923
18 0.36899038461538464 0.7644230769230769 0.1935096153846154 0.07572115384615384
18 0.5480769230769231 0.9663461538461539 0.23197115384615385 0.06370192307692307
18 0.59375 0.6995192307692307 0.21875 0.10336538461538461
18 0.7151442307692307 0.7536057692307693 0.15384615384615385 0.09375
18 0.7920673076923077 0.9519230769230769 0.24759615384615385 0.08173076923076923
18 0.84375 0.8137019230769231 0.2668269230769231 0.1778846153846154
18 0.8930288461538461 0.6887019230769231 0.21153846153846154 0.08533653846153846
18 0.9314903846153846 0.9158653846153846 0.1346153846153846 0.109375