17 0.5228365384615384 0.7776442307692307 0.09615384615384616 0.14543269230769232
17 0.32572115384615385 0.6947115384615384 0.11538461538461539 0.07692307692307693
17 0.37259615384615385 0.8221153846153846 0.12379807692307693 0.20552884615384615
17 0.4423076923076923 0.6935096153846154 0.057692307692307696 0.08653846153846154
17 0.4579326923076923 0.41586538461538464 0.042067307692307696 0.057692307692307696
17 0.4639423076923077 0.7199519230769231 0.038461538461538464 0.0673076923076923
17 0.49399038461538464 0.3786057692307692 0.04567307692307692 0.05048076923076923
17 0.5 0.4206730769230769 0.04326923076923077 0.06009615384615385
17 0.5877403846153846 0.7391826923076923 0.046875 0.12620192307692307
17 0.6213942307692307 0.7007211538461539 0.07572115384615384 0.0985576923076923
17 0.6947115384615384 0.6622596153846154 0.08533653846153846 0.09014423076923077
17 0.6706730769230769 0.7007211538461539 0.028846153846153848 0.04807692307692308
17 0.6862980769230769 0.41466346153846156 0.06009615384615385 0.0673076923076923
17 0.7355769230769231 0.6129807692307693 0.06850961538461539 0.11057692307692307
17 0.7235576923076923 0.4266826923076923 0.039663461538461536 0.040865384615384616