8 0.06971153846153846 0.30408653846153844 0.12740384615384615 0.27403846153846156
8 0.19831730769230768 0.328125 0.07211538461538461 0.19471153846153846
8 0.2620192307692308 0.19471153846153846 0.11177884615384616 0.17067307692307693
8 0.3317307692307692 0.24519230769230768 0.06370192307692307 0.11899038461538461
8 0.39302884615384615 0.2920673076923077 0.0625 0.09134615384615384
8 0.40625 0.18028846153846154 0.051682692307692304 0.13701923076923078
8 0.45552884615384615 0.3125 0.08052884615384616 0.15144230769230768
8 0.5096153846153846 0.5456730769230769 0.06009615384615385 0.14302884615384615
8 0.53125 0.27403846153846156 0.09375 0.16466346153846154
8 0.5324519230769231 0.5240384615384616 0.09375 0.16706730769230768
8 0.6394230769230769 0.3485576923076923 0.1045673076923077 0.2403846153846154
8 0.6971153846153846 0.37259615384615385 0.054086538461538464 0.15504807692307693
8 0.7403846153846154 0.5060096153846154 0.04447115384615385 0.1310096153846154
8 0.8185096153846154 0.3545673076923077 0.14423076923076922 0.2824519230769231
8 0.8149038461538461 0.5252403846153846 0.038461538461538464 0.09134615384615384