17 0.02403846153846154 0.6706730769230769 0.019230769230769232 0.009615384615384616
17 0.12860576923076922 0.7439903846153846 0.057692307692307696 0.039663461538461536
17 0.14302884615384615 0.6646634615384616 0.014423076923076924 0.021634615384615384
17 0.18870192307692307 0.7331730769230769 0.03245192307692308 0.015625
17 0.22596153846153846 0.6935096153846154 0.04326923076923077 0.037259615384615384
17 0.26322115384615385 0.8545673076923077 0.056490384615384616 0.0625
17 0.2860576923076923 0.6658653846153846 0.027644230769230768 0.03485576923076923
17 0.3125 0.6790865384615384 0.02403846153846154 0.026442307692307692
17 0.33653846153846156 0.7367788461538461 0.051682692307692304 0.057692307692307696
17 0.34375 0.7007211538461539 0.028846153846153848 0.02403846153846154
17 0.4014423076923077 0.7572115384615384 0.057692307692307696 0.04807692307692308
17 0.41225961538461536 0.7247596153846154 0.039663461538461536 0.03245192307692308
17 0.5180288461538461 0.8161057692307693 0.06610576923076923 0.09615384615384616
17 0.5901442307692307 0.9555288461538461 0.10096153846153846 0.08653846153846154
17 0.65625 0.7403846153846154 0.04807692307692308 0.030048076923076924
17 0.6586538461538461 0.8004807692307693 0.046875 0.08052884615384616
17 0.6850961538461539 0.6574519230769231 0.03365384615384615 0.03125
17 0.7307692307692307 0.6730769230769231 0.03125 0.030048076923076924
17 0.7632211538461539 0.8497596153846154 0.056490384615384616 0.051682692307692304
17 0.7680288461538461 0.6790865384615384 0.03485576923076923 0.028846153846153848
17 0.7836538461538461 0.7572115384615384 0.06610576923076923 0.037259615384615384
17 0.8641826923076923 0.6538461538461539 0.018028846153846152 0.013221153846153846
17 0.9783653846153846 0.6586538461538461 0.009615384615384616 0.020432692307692308