8 0.04567307692307692 0.5300480769230769 0.09014423076923077 0.2283653846153846
8 0.051682692307692304 0.31009615384615385 0.10336538461538461 0.23076923076923078
8 0.10096153846153846 0.1045673076923077 0.16826923076923078 0.2091346153846154
8 0.0829326923076923 0.30408653846153844 0.10096153846153846 0.2091346153846154
8 0.11298076923076923 0.5300480769230769 0.0985576923076923 0.21634615384615385
8 0.16346153846153846 0.2848557692307692 0.1201923076923077 0.18509615384615385
8 0.22355769230769232 0.45552884615384615 0.1658653846153846 0.25841346153846156
8 0.20192307692307693 0.2127403846153846 0.0985576923076923 0.109375
8 0.22956730769230768 0.04567307692307692 0.1310096153846154 0.09134615384615384
8 0.2920673076923077 0.2776442307692308 0.12259615384615384 0.14423076923076922
8 0.31971153846153844 0.13341346153846154 0.1502403846153846 0.23677884615384615
8 0.36538461538461536 0.640625 0.12980769230769232 0.14903846153846154
8 0.3918269230769231 0.5552884615384616 0.15745192307692307 0.24158653846153846
8 0.46153846153846156 0.10336538461538461 0.14182692307692307 0.20673076923076922
8 0.4807692307692308 0.7079326923076923 0.08774038461538461 0.12980769230769232
8 0.5408653846153846 0.23677884615384615 0.15985576923076922 0.24519230769230768
8 0.5733173076923077 0.45072115384615385 0.15504807692307693 0.24158653846153846
8 0.6177884615384616 0.8497596153846154 0.14903846153846154 0.16466346153846154
8 0.6286057692307693 0.7848557692307693 0.12620192307692307 0.16706730769230768
8 0.6538461538461539 0.671875 0.13701923076923078 0.20552884615384615
8 0.6550480769230769 0.4543269230769231 0.11298076923076923 0.22716346153846154
8 0.7512019230769231 0.6177884615384616 0.13341346153846154 0.23317307692307693