9 0.11899038461538461 0.34615384615384615 0.016826923076923076 0.020432692307692308
9 0.125 0.4699519230769231 0.018028846153846152 0.02403846153846154
9 0.23798076923076922 0.3713942307692308 0.021634615384615384 0.018028846153846152
9 0.2548076923076923 0.33413461538461536 0.014423076923076924 0.02403846153846154
9 0.27283653846153844 0.4362980769230769 0.016826923076923076 0.02403846153846154
9 0.35216346153846156 0.4411057692307692 0.020432692307692308 0.02403846153846154
9 0.36538461538461536 0.48677884615384615 0.01201923076923077 0.01201923076923077
9 0.4014423076923077 0.3161057692307692 0.019230769230769232 0.018028846153846152
9 0.4110576923076923 0.4699519230769231 0.01201923076923077 0.014423076923076924
9 0.4254807692307692 0.31490384615384615 0.018028846153846152 0.019230769230769232
9 0.453125 0.31971153846153844 0.019230769230769232 0.03125
9 0.4567307692307692 0.009615384615384616 0.02403846153846154 0.019230769230769232
9 0.45913461538461536 0.4855769230769231 0.014423076923076924 0.015625
9 0.48197115384615385 0.33653846153846156 0.026442307692307692 0.02283653846153846
9 0.4891826923076923 0.009615384615384616 0.026442307692307692 0.019230769230769232
9 0.49038461538461536 0.3173076923076923 0.025240384615384616 0.03125
9 0.49278846153846156 0.5324519230769231 0.01201923076923077 0.015625
9 0.5048076923076923 0.04326923076923077 0.020432692307692308 0.03245192307692308
9 0.5300480769230769 0.4254807692307692 0.02283653846153846 0.03365384615384615
9 0.5685096153846154 0.2776442307692308 0.021634615384615384 0.03365384615384615
9 0.5793269230769231 0.3954326923076923 0.018028846153846152 0.03125
9 0.5913461538461539 0.2848557692307692 0.025240384615384616 0.03365384615384615
9 0.6117788461538461 0.4675480769230769 0.02283653846153846 0.03125
9 0.6766826923076923 0.4411057692307692 0.030048076923076924 0.042067307692307696
9 0.7139423076923077 0.41466346153846156 0.03245192307692308 0.046875
9 0.7596153846153846 0.09375 0.018028846153846152 0.02403846153846154
9 0.8004807692307693 0.02403846153846154 0.013221153846153846 0.019230769230769232
9 0.8786057692307693 0.44350961538461536 0.02283653846153846 0.042067307692307696
9 0.9026442307692307 0.06009615384615385 0.02403846153846154 0.021634615384615384
9 0.9050480769230769 0.10096153846153846 0.020432692307692308 0.025240384615384616
9 0.9314903846153846 0.07932692307692307 0.020432692307692308 0.03365384615384615
9 0.9519230769230769 0.07091346153846154 0.019230769230769232 0.02403846153846154
9 0.96875 0.3858173076923077 0.01201923076923077 0.027644230769230768