1 0.8689903846153846 0.8798076923076923 0.13221153846153846 0.20793269230769232
1 0.14302884615384615 0.8004807692307693 0.19591346153846154 0.1875
1 0.5612980769230769 0.8100961538461539 0.17067307692307693 0.19831730769230768
15 0.06129807692307692 0.2932692307692308 0.12259615384615384 0.3918269230769231
15 0.15264423076923078 0.2692307692307692 0.15504807692307693 0.4254807692307692
15 0.2800480769230769 0.265625 0.12740384615384615 0.44471153846153844
15 0.36538461538461536 0.2848557692307692 0.17427884615384615 0.3858173076923077
15 0.47115384615384615 0.2644230769230769 0.14543269230769232 0.4266826923076923
15 0.5600961538461539 0.28846153846153844 0.1310096153846154 0.38221153846153844
15 0.6694711538461539 0.28125 0.10817307692307693 0.39783653846153844
15 0.7716346153846154 0.25721153846153844 0.11658653846153846 0.4326923076923077
15 0.8786057692307693 0.3076923076923077 0.16826923076923078 0.33653846153846156
15 0.9495192307692307 0.2860576923076923 0.09975961538461539 0.3641826923076923