12 0.10216346153846154 0.796875 0.07211538461538461 0.10576923076923077
12 0.14543269230769232 0.28846153846153844 0.0829326923076923 0.13822115384615385
12 0.14182692307692307 0.7103365384615384 0.06971153846153846 0.10576923076923077
12 0.1971153846153846 0.5132211538461539 0.07091346153846154 0.12139423076923077
12 0.2127403846153846 0.6959134615384616 0.07572115384615384 0.11177884615384616
12 0.21875 0.13701923076923078 0.0829326923076923 0.12980769230769232
12 0.23197115384615385 0.5985576923076923 0.07091346153846154 0.0889423076923077
12 0.2548076923076923 0.33533653846153844 0.06971153846153846 0.11778846153846154
12 0.27403846153846156 0.4639423076923077 0.09134615384615384 0.13221153846153846
12 0.3076923076923077 0.5745192307692307 0.07451923076923077 0.10697115384615384
12 0.38100961538461536 0.6802884615384616 0.0733173076923077 0.13221153846153846
12 0.5048076923076923 0.13341346153846154 0.042067307692307696 0.06009615384615385
12 0.6322115384615384 0.07932692307692307 0.0889423076923077 0.12379807692307693
12 0.6598557692307693 0.5372596153846154 0.07932692307692307 0.12259615384615384
12 0.6766826923076923 0.31490384615384615 0.09014423076923077 0.11899038461538461
12 0.7079326923076923 0.47716346153846156 0.057692307692307696 0.07692307692307693
12 0.7752403846153846 0.08173076923076923 0.0733173076923077 0.09495192307692307
12 0.8125 0.5528846153846154 0.08533653846153846 0.109375
12 0.8677884615384616 0.36177884615384615 0.04927884615384615 0.09615384615384616
12 0.9242788461538461 0.5901442307692307 0.078125 0.12740384615384615
12 0.9242788461538461 0.7331730769230769 0.07692307692307693 0.11778846153846154
12 0.9783653846153846 0.6009615384615384 0.040865384615384616 0.125
12 0.9807692307692307 0.13942307692307693 0.036057692307692304 0.10096153846153846
12 0.984375 0.9086538461538461 0.027644230769230768 0.109375