7 0.47716346153846156 0.6213942307692307 0.1201923076923077 0.16706730769230768
7 0.3125 0.40865384615384615 0.12259615384615384 0.14783653846153846
7 0.3425480769230769 0.2127403846153846 0.1045673076923077 0.14182692307692307
7 0.4495192307692308 0.10817307692307693 0.11177884615384616 0.12860576923076922
7 0.4723557692307692 0.38100961538461536 0.1201923076923077 0.140625
7 0.47596153846153844 0.5276442307692307 0.12860576923076922 0.13942307692307693
7 0.5096153846153846 0.44471153846153844 0.09014423076923077 0.13341346153846154
7 0.5913461538461539 0.21514423076923078 0.08052884615384616 0.12139423076923077
7 0.6213942307692307 0.5216346153846154 0.09254807692307693 0.15144230769230768
7 0.6574519230769231 0.16947115384615385 0.0889423076923077 0.14182692307692307
7 0.7079326923076923 0.359375 0.08774038461538461 0.11538461538461539
7 0.8004807692307693 0.5324519230769231 0.10697115384615384 0.15384615384615385
7 0.8016826923076923 0.28846153846153844 0.08413461538461539 0.14783653846153846