18 0.796875 0.4230769230769231 0.15865384615384615 0.1622596153846154
18 0.44471153846153844 0.43990384615384615 0.12620192307692307 0.16105769230769232
18 0.4543269230769231 0.3173076923076923 0.09375 0.13822115384615385
18 0.5204326923076923 0.19471153846153846 0.11057692307692307 0.125
18 0.5348557692307693 0.5036057692307693 0.11778846153846154 0.125
18 0.6045673076923077 0.3737980769230769 0.12620192307692307 0.11778846153846154
18 0.6346153846153846 0.5024038461538461 0.11177884615384616 0.11658653846153846
18 0.65625 0.15625 0.13942307692307693 0.14903846153846154
18 0.6658653846153846 0.28966346153846156 0.1502403846153846 0.13701923076923078
18 0.8173076923076923 0.21514423076923078 0.13701923076923078 0.15504807692307693
18 0.9038461538461539 0.44471153846153844 0.055288461538461536 0.09615384615384616
18 0.9206730769230769 0.25600961538461536 0.07572115384615384 0.1045673076923077
6 0.7944711538461539 0.7740384615384616 0.3557692307692308 0.3088942307692308