14 0.020432692307692308 0.2536057692307692 0.040865384615384616 0.11177884615384616
14 0.025240384615384616 0.6995192307692307 0.05048076923076923 0.055288461538461536
14 0.028846153846153848 0.7704326923076923 0.056490384615384616 0.1658653846153846
14 0.12620192307692307 0.7487980769230769 0.18269230769230768 0.2247596153846154
14 0.16346153846153846 0.3137019230769231 0.08533653846153846 0.057692307692307696
14 0.28125 0.5709134615384616 0.265625 0.22115384615384615
14 0.27884615384615385 0.75 0.1658653846153846 0.11057692307692307
14 0.38822115384615385 0.7980769230769231 0.2704326923076923 0.3713942307692308
14 0.5673076923076923 0.2091346153846154 0.19471153846153846 0.15264423076923078
14 0.6430288461538461 0.7475961538461539 0.27524038461538464 0.3449519230769231
14 0.7716346153846154 0.40865384615384615 0.2247596153846154 0.25841346153846156
14 0.7247596153846154 0.5576923076923077 0.06490384615384616 0.0733173076923077
14 0.796875 0.6298076923076923 0.054086538461538464 0.06490384615384616
14 0.9086538461538461 0.4050480769230769 0.08052884615384616 0.12379807692307693