0 0.8473557692307693 0.78125 0.12259615384615384 0.14423076923076922
0 0.5925480769230769 0.41947115384615385 0.054086538461538464 0.078125
0 0.5997596153846154 0.5084134615384616 0.039663461538461536 0.052884615384615384
0 0.6310096153846154 0.5444711538461539 0.055288461538461536 0.06850961538461539
0 0.6502403846153846 0.4723557692307692 0.06370192307692307 0.06850961538461539
0 0.6454326923076923 0.39663461538461536 0.051682692307692304 0.03485576923076923
0 0.6502403846153846 0.43149038461538464 0.05889423076923077 0.055288461538461536
0 0.6766826923076923 0.5480769230769231 0.04326923076923077 0.042067307692307696
0 0.6983173076923077 0.45913461538461536 0.04807692307692308 0.08052884615384616
0 0.7175480769230769 0.5745192307692307 0.03485576923076923 0.04326923076923077
0 0.7427884615384616 0.5060096153846154 0.057692307692307696 0.07451923076923077
0 0.7560096153846154 0.6081730769230769 0.06370192307692307 0.052884615384615384
0 0.7872596153846154 0.5384615384615384 0.0625 0.07211538461538461
0 0.7860576923076923 0.4735576923076923 0.046875 0.051682692307692304
0 0.8028846153846154 0.6033653846153846 0.03485576923076923 0.039663461538461536
0 0.8365384615384616 0.4699519230769231 0.06971153846153846 0.05889423076923077
0 0.8305288461538461 0.5144230769230769 0.04447115384615385 0.07211538461538461
0 0.8401442307692307 0.5805288461538461 0.04326923076923077 0.036057692307692304