17 0.9302884615384616 0.49278846153846156 0.13822115384615385 0.18028846153846154
17 0.03245192307692308 0.8581730769230769 0.06370192307692307 0.1971153846153846
17 0.07692307692307693 0.09375 0.109375 0.08173076923076923
17 0.08173076923076923 0.019230769230769232 0.06129807692307692 0.037259615384615384
17 0.12620192307692307 0.2620192307692308 0.06370192307692307 0.06370192307692307
17 0.2283653846153846 0.5432692307692307 0.17307692307692307 0.13341346153846154
17 0.18389423076923078 0.014423076923076924 0.08173076923076923 0.027644230769230768
17 0.21995192307692307 0.09254807692307693 0.07211538461538461 0.056490384615384616
17 0.38100961538461536 0.09735576923076923 0.09735576923076923 0.06370192307692307
17 0.5564903846153846 0.140625 0.20793269230769232 0.24639423076923078
17 0.8449519230769231 0.2668269230769231 0.1201923076923077 0.14783653846153846
17 0.9627403846153846 0.16466346153846154 0.07091346153846154 0.09375
17 0.9723557692307693 0.09735576923076923 0.052884615384615384 0.055288461538461536
17 0.9759615384615384 0.009615384615384616 0.04326923076923077 0.019230769230769232