12 0.6129807692307693 0.7860576923076923 0.22115384615384615 0.2824519230769231
12 0.09014423076923077 0.875 0.18028846153846154 0.24519230769230768
12 0.14182692307692307 0.6911057692307693 0.20673076923076922 0.28365384615384615
12 0.2403846153846154 0.9423076923076923 0.1502403846153846 0.1141826923076923
12 0.4338942307692308 0.9002403846153846 0.2247596153846154 0.1971153846153846
12 0.45913461538461536 0.7295673076923077 0.10336538461538461 0.13341346153846154
12 0.5973557692307693 0.9759615384615384 0.10216346153846154 0.046875
12 0.7752403846153846 0.9423076923076923 0.21514423076923078 0.1141826923076923
12 0.7644230769230769 0.8173076923076923 0.09975961538461539 0.14302884615384615
12 0.8942307692307693 0.9038461538461539 0.1622596153846154 0.18990384615384615
12 0.984375 0.9362980769230769 0.026442307692307692 0.12259615384615384