17 0.3269230769230769 0.7247596153846154 0.13581730769230768 0.15625
17 0.13822115384615385 0.71875 0.02403846153846154 0.02283653846153846
17 0.1778846153846154 0.6778846153846154 0.021634615384615384 0.02403846153846154
17 0.18629807692307693 0.7331730769230769 0.025240384615384616 0.025240384615384616
17 0.23317307692307693 0.6514423076923077 0.0889423076923077 0.12139423076923077
17 0.21153846153846154 0.7415865384615384 0.02283653846153846 0.02403846153846154
17 0.23076923076923078 0.5649038461538461 0.04927884615384615 0.08533653846153846
17 0.24519230769230768 0.75 0.010817307692307692 0.02283653846153846
17 0.3004807692307692 0.5240384615384616 0.018028846153846152 0.015625
17 0.3641826923076923 0.5288461538461539 0.09975961538461539 0.08533653846153846
17 0.3894230769230769 0.7872596153846154 0.02283653846153846 0.042067307692307696
17 0.4230769230769231 0.7920673076923077 0.03485576923076923 0.03485576923076923
17 0.4807692307692308 0.6081730769230769 0.025240384615384616 0.021634615384615384
17 0.5492788461538461 0.71875 0.16346153846153846 0.19831730769230768
17 0.5673076923076923 0.5300480769230769 0.0889423076923077 0.09134615384615384
17 0.5552884615384616 0.3233173076923077 0.019230769230769232 0.02403846153846154
17 0.5685096153846154 0.8978365384615384 0.038461538461538464 0.039663461538461536
17 0.5673076923076923 0.3713942307692308 0.027644230769230768 0.028846153846153848
17 0.5901442307692307 0.36658653846153844 0.030048076923076924 0.03125
17 0.6141826923076923 0.5252403846153846 0.04927884615384615 0.06370192307692307
17 0.6298076923076923 0.7692307692307693 0.028846153846153848 0.03125
17 0.6322115384615384 0.5709134615384616 0.028846153846153848 0.019230769230769232
17 0.6442307692307693 0.5865384615384616 0.028846153846153848 0.020432692307692308
17 0.6466346153846154 0.8028846153846154 0.025240384615384616 0.03245192307692308
17 0.6598557692307693 0.5144230769230769 0.046875 0.04447115384615385
17 0.6730769230769231 0.7788461538461539 0.03125 0.04567307692307692
17 0.7079326923076923 0.5300480769230769 0.08653846153846154 0.0625
17 0.6838942307692307 0.8016826923076923 0.026442307692307692 0.03125
17 0.8052884615384616 0.6899038461538461 0.22235576923076922 0.27283653846153844