0 0.6682692307692307 0.26802884615384615 0.16706730769230768 0.15745192307692307
0 0.009615384615384616 0.39783653846153844 0.019230769230769232 0.06850961538461539
0 0.016826923076923076 0.15865384615384615 0.03365384615384615 0.09014423076923077
0 0.06009615384615385 0.40024038461538464 0.08173076923076923 0.09254807692307693
0 0.054086538461538464 0.140625 0.052884615384615384 0.057692307692307696
0 0.06009615384615385 0.30528846153846156 0.039663461538461536 0.057692307692307696
0 0.13581730769230768 0.6490384615384616 0.039663461538461536 0.055288461538461536
0 0.15144230769230768 0.6899038461538461 0.056490384615384616 0.0733173076923077
0 0.23798076923076922 0.03245192307692308 0.0673076923076923 0.06490384615384616
0 0.24639423076923078 0.31971153846153844 0.07211538461538461 0.04567307692307692
0 0.3173076923076923 0.0733173076923077 0.1201923076923077 0.13581730769230768
0 0.31850961538461536 0.2620192307692308 0.0673076923076923 0.09735576923076923
0 0.5709134615384616 0.33774038461538464 0.0985576923076923 0.09735576923076923
0 0.5817307692307693 0.40384615384615385 0.04807692307692308 0.036057692307692304
0 0.6850961538461539 0.4735576923076923 0.13701923076923078 0.15504807692307693
0 0.7800480769230769 0.4326923076923077 0.109375 0.14302884615384615
0 0.7704326923076923 0.7980769230769231 0.07572115384615384 0.09254807692307693
0 0.9278846153846154 0.3016826923076923 0.13942307692307693 0.1622596153846154
0 0.9302884615384616 0.4579326923076923 0.1346153846153846 0.15745192307692307