18 0.640625 0.7764423076923077 0.1971153846153846 0.203125
18 0.2764423076923077 0.6550480769230769 0.14423076923076922 0.15745192307692307
18 0.34975961538461536 0.6754807692307693 0.14903846153846154 0.15985576923076922
18 0.40024038461538464 0.5901442307692307 0.13701923076923078 0.12139423076923077
18 0.4675480769230769 0.7331730769230769 0.1622596153846154 0.13221153846153846
18 0.5336538461538461 0.9110576923076923 0.15144230769230768 0.15625
18 0.5300480769230769 0.5805288461538461 0.13581730769230768 0.16105769230769232
18 0.5432692307692307 0.4723557692307692 0.1466346153846154 0.0733173076923077
18 0.6310096153846154 0.9362980769230769 0.1141826923076923 0.1201923076923077
18 0.6887019230769231 0.5096153846153846 0.17067307692307693 0.1466346153846154
18 0.7235576923076923 0.625 0.1502403846153846 0.1778846153846154
18 0.7632211538461539 0.9158653846153846 0.17067307692307693 0.1658653846153846
18 0.8197115384615384 0.6983173076923077 0.16706730769230768 0.1814903846153846
18 0.8137019230769231 0.4879807692307692 0.10576923076923077 0.0673076923076923
18 0.9110576923076923 0.6129807692307693 0.14423076923076922 0.140625
18 0.9266826923076923 0.5276442307692307 0.12139423076923077 0.07932692307692307
18 0.9435096153846154 0.7331730769230769 0.10216346153846154 0.09975961538461539