18 0.2512019230769231 0.7115384615384616 0.11298076923076923 0.11778846153846154
18 0.2439903846153846 0.8341346153846154 0.09254807692307693 0.08774038461538461
18 0.27403846153846156 0.5901442307692307 0.14302884615384615 0.125
18 0.2920673076923077 0.48197115384615385 0.09495192307692307 0.08533653846153846
18 0.31850961538461536 0.3473557692307692 0.10216346153846154 0.07451923076923077
18 0.34615384615384615 0.8197115384615384 0.11778846153846154 0.1201923076923077
18 0.35096153846153844 0.7007211538461539 0.12740384615384615 0.10216346153846154
18 0.3713942307692308 0.6225961538461539 0.10697115384615384 0.09495192307692307
18 0.375 0.25240384615384615 0.09975961538461539 0.08052884615384616
18 0.3798076923076923 0.46274038461538464 0.09014423076923077 0.1201923076923077
18 0.38221153846153844 0.3870192307692308 0.08052884615384616 0.07451923076923077
18 0.3942307692307692 0.18269230769230768 0.10216346153846154 0.08052884615384616
18 0.40625 0.11658653846153846 0.09254807692307693 0.0829326923076923
18 0.42908653846153844 0.33533653846153844 0.11298076923076923 0.09975961538461539
18 0.4254807692307692 0.8545673076923077 0.055288461538461536 0.06009615384615385
18 0.43990384615384615 0.7548076923076923 0.06971153846153846 0.08052884615384616
18 0.45552884615384615 0.6766826923076923 0.08052884615384616 0.10216346153846154
18 0.44711538461538464 0.23918269230769232 0.04447115384615385 0.0673076923076923
18 0.4567307692307692 0.5060096153846154 0.0625 0.057692307692307696
18 0.4675480769230769 0.4266826923076923 0.08052884615384616 0.09254807692307693
18 0.4807692307692308 0.15625 0.07692307692307693 0.0673076923076923
18 0.5132211538461539 0.25600961538461536 0.0829326923076923 0.07692307692307693
18 0.5228365384615384 0.1935096153846154 0.08533653846153846 0.07211538461538461
18 0.6694711538461539 0.7115384615384616 0.27524038461538464 0.2824519230769231
18 0.6838942307692307 0.41466346153846156 0.25240384615384615 0.2247596153846154
18 0.7007211538461539 0.1971153846153846 0.21754807692307693 0.17548076923076922
18 0.7019230769230769 0.04567307692307692 0.1875 0.09134615384615384
18 0.9134615384615384 0.05048076923076923 0.16706730769230768 0.09975961538461539
18 0.9194711538461539 0.21033653846153846 0.1502403846153846 0.15504807692307693
18 0.9230769230769231 0.42908653846153844 0.1502403846153846 0.2127403846153846
18 0.9278846153846154 0.71875 0.12980769230769232 0.2776442307692308