2 0.2548076923076923 0.3449519230769231 0.0985576923076923 0.09615384615384616
2 0.31971153846153844 0.5384615384615384 0.12980769230769232 0.17548076923076922
2 0.3293269230769231 0.16105769230769232 0.08653846153846154 0.10336538461538461
2 0.390625 0.3016826923076923 0.10576923076923077 0.17548076923076922
2 0.40865384615384615 0.19110576923076922 0.04567307692307692 0.07211538461538461
2 0.46634615384615385 0.47716346153846156 0.11658653846153846 0.1502403846153846
2 0.4963942307692308 0.3317307692307692 0.1045673076923077 0.1502403846153846
2 0.515625 0.16105769230769232 0.11538461538461539 0.15504807692307693
2 0.5204326923076923 0.6947115384615384 0.12259615384615384 0.11778846153846154
2 0.5961538461538461 0.5264423076923077 0.10576923076923077 0.13942307692307693
2 0.5865384615384616 0.37740384615384615 0.07692307692307693 0.12620192307692307
2 0.6262019230769231 0.13581730769230768 0.10216346153846154 0.13221153846153846
2 0.6742788461538461 0.25600961538461536 0.1045673076923077 0.14903846153846154
2 0.6826923076923077 0.5612980769230769 0.10817307692307693 0.14543269230769232
2 0.6875 0.41346153846153844 0.07572115384615384 0.10096153846153846