12 0.0985576923076923 0.6177884615384616 0.11057692307692307 0.11658653846153846
12 0.028846153846153848 0.5997596153846154 0.056490384615384616 0.12139423076923077
12 0.03125 0.7259615384615384 0.0625 0.12259615384615384
12 0.12259615384615384 0.7271634615384616 0.1658653846153846 0.10096153846153846
12 0.1502403846153846 0.3473557692307692 0.055288461538461536 0.05889423076923077
12 0.16466346153846154 0.5408653846153846 0.06610576923076923 0.06610576923076923
12 0.19471153846153846 0.3545673076923077 0.051682692307692304 0.027644230769230768
12 0.18389423076923078 0.31009615384615385 0.020432692307692308 0.039663461538461536
12 0.22596153846153846 0.6418269230769231 0.09014423076923077 0.10697115384615384
12 0.2091346153846154 0.4855769230769231 0.055288461538461536 0.09134615384615384
12 0.21153846153846154 0.32211538461538464 0.051682692307692304 0.046875
12 0.2692307692307692 0.7091346153846154 0.1346153846153846 0.11899038461538461
12 0.2283653846153846 0.2860576923076923 0.037259615384615384 0.05048076923076923
12 0.2512019230769231 0.5697115384615384 0.07932692307692307 0.11899038461538461
12 0.2620192307692308 0.33653846153846156 0.05048076923076923 0.039663461538461536
12 0.2692307692307692 0.4879807692307692 0.05889423076923077 0.0625
12 0.2764423076923077 0.28846153846153844 0.03485576923076923 0.04927884615384615
12 0.2980769230769231 0.29927884615384615 0.039663461538461536 0.05889423076923077
12 0.328125 0.59375 0.07091346153846154 0.10817307692307693
12 0.34375 0.3401442307692308 0.06009615384615385 0.03245192307692308
12 0.36658653846153844 0.6454326923076923 0.10096153846153846 0.13341346153846154
12 0.3401442307692308 0.3016826923076923 0.037259615384615384 0.028846153846153848
12 0.3557692307692308 0.2860576923076923 0.052884615384615384 0.038461538461538464
12 0.42427884615384615 0.5649038461538461 0.07692307692307693 0.11057692307692307
12 0.5444711538461539 0.328125 0.015625 0.03485576923076923
12 0.5444711538461539 0.3581730769230769 0.007211538461538462 0.02403846153846154
12 0.578125 0.3701923076923077 0.027644230769230768 0.036057692307692304
12 0.609375 0.36899038461538464 0.03485576923076923 0.04447115384615385
12 0.6430288461538461 0.37740384615384615 0.026442307692307692 0.028846153846153848
12 0.6682692307692307 0.3641826923076923 0.021634615384615384 0.02403846153846154
12 0.734375 0.33533653846153844 0.037259615384615384 0.03485576923076923
12 0.7740384615384616 0.3401442307692308 0.027644230769230768 0.055288461538461536
12 0.8449519230769231 0.3605769230769231 0.025240384615384616 0.042067307692307696
12 0.9098557692307693 0.34975961538461536 0.046875 0.042067307692307696