17 0.203125 0.15625 0.40625 0.3125
17 0.32572115384615385 0.7908653846153846 0.6502403846153846 0.4170673076923077
17 0.3329326923076923 0.5540865384615384 0.08052884615384616 0.12980769230769232
17 0.41225961538461536 0.3894230769230769 0.057692307692307696 0.09735576923076923
17 0.5024038461538461 0.39302884615384615 0.08774038461538461 0.125
17 0.5817307692307693 0.39663461538461536 0.0733173076923077 0.10096153846153846
17 0.6694711538461539 0.5540865384615384 0.11538461538461539 0.15625
17 0.7067307692307693 0.8377403846153846 0.07692307692307693 0.06610576923076923
17 0.7608173076923077 0.6033653846153846 0.07932692307692307 0.09014423076923077
17 0.8509615384615384 0.7836538461538461 0.22956730769230768 0.27524038461538464
17 0.7992788461538461 0.6514423076923077 0.07692307692307693 0.0733173076923077
17 0.9435096153846154 0.9158653846153846 0.10817307692307693 0.14423076923076922
17 0.9495192307692307 0.59375 0.09735576923076923 0.13221153846153846
17 0.9663461538461539 0.6778846153846154 0.0625 0.13942307692307693
17 0.9819711538461539 0.7956730769230769 0.03365384615384615 0.16947115384615385