0 0.59375 0.59921875 0.2015625 0.09375
9 0.771875 0.61328125 0.2203125 0.078125
16 0.40390625 0.6078125 0.190625 0.075
2 0.625 0.88828125 0.2125 0.1078125
15 0.40078125 0.8859375 0.2140625 0.125
10 0.7796875 0.9046875 0.1328125 0.0875
18 0.825 0.19609375 0.0671875 0.1046875
26 0.3921875 0.20625 0.1609375 0.06875
11 0.73671875 0.21953125 0.0875 0.0609375
7 0.5796875 0.22109375 0.1015625 0.053125
8 0.790625 0.44609375 0.1984375 0.0953125
4 0.59296875 0.45078125 0.178125 0.059375
12 0.425 0.45546875 0.1609375 0.0515625