22 0.59296875 0.590625 0.1390625 0.0984375
14 0.77890625 0.6125 0.11875 0.0640625
11 0.425 0.5984375 0.090625 0.075
19 0.75859375 0.8859375 0.0890625 0.059375
29 0.384375 0.8765625 0.159375 0.1078125
19 0.6671875 0.89921875 0.075 0.0609375
3 0.55546875 0.8984375 0.1390625 0.078125
19 0.7359375 0.94453125 0.075 0.0453125
27 0.38203125 0.16953125 0.146875 0.15
0 0.784375 0.225 0.1796875 0.075
24 0.615625 0.23046875 0.1453125 0.040625
1 0.75703125 0.46171875 0.1609375 0.0765625
26 0.61015625 0.45546875 0.175 0.0890625
7 0.43359375 0.453125 0.1453125 0.06875