0 0.39609375 0.58984375 0.184375 0.0765625
4 0.534375 0.61484375 0.1859375 0.0765625
10 0.73515625 0.62890625 0.128125 0.0546875
7 0.3859375 0.86875 0.1390625 0.0625
26 0.5765625 0.878125 0.1234375 0.084375
9 0.753125 0.91484375 0.2140625 0.1125
27 0.7921875 0.1859375 0.11875 0.140625
29 0.5125 0.21171875 0.2171875 0.0703125
12 0.365625 0.2109375 0.1171875 0.05
25 0.39375 0.409375 0.19375 0.153125
18 0.5359375 0.42265625 0.06875 0.1046875
22 0.76171875 0.43984375 0.184375 0.1078125
28 0.5921875 0.45 0.2234375 0.0828125