0 0.40234375 0.59921875 0.18125 0.078125
4 0.54375 0.6109375 0.1828125 0.08125
9 0.76328125 0.60625 0.1984375 0.08125
15 0.7265625 0.84765625 0.15625 0.128125
7 0.41875 0.87734375 0.1359375 0.0703125
26 0.61171875 0.8703125 0.1265625 0.084375
27 0.765625 0.1609375 0.121875 0.14375
29 0.4875 0.21171875 0.2203125 0.0765625
12 0.3390625 0.22421875 0.1171875 0.0515625
25 0.390625 0.41953125 0.1984375 0.153125
18 0.52578125 0.41484375 0.075 0.1
22 0.75390625 0.41875 0.190625 0.1125
28 0.58671875 0.4421875 0.2359375 0.0859375