1 0.4296875 0.5875 0.175 0.0984375
8 0.75390625 0.61015625 0.203125 0.0984375
29 0.55625 0.60625 0.1578125 0.090625
11 0.3453125 0.6234375 0.09375 0.08125
22 0.7640625 0.8609375 0.1265625 0.1125
26 0.5078125 0.87421875 0.1296875 0.096875
23 0.6421875 0.878125 0.13125 0.1
2 0.36875 0.890625 0.1296875 0.0703125
7 0.58046875 0.2140625 0.08125 0.0484375
14 0.71328125 0.2203125 0.1140625 0.0484375
19 0.8078125 0.22890625 0.115625 0.0359375
5 0.3953125 0.40859375 0.1921875 0.046875
18 0.746875 0.4203125 0.059375 0.0859375
15 0.790625 0.46015625 0.1703125 0.103125
6 0.62109375 0.459375 0.1921875 0.0640625
28 0.40078125 0.45859375 0.2640625 0.0828125