6 0.6234375 0.4765625 0.1109375 0.046875
13 0.4421875 0.565625 0.1421875 0.140625
27 0.353125 0.5703125 0.1203125 0.1453125
5 0.584375 0.5828125 0.1828125 0.1
11 0.7140625 0.61796875 0.0828125 0.06875
20 0.74375 0.84296875 0.115625 0.1671875
20 0.78984375 0.86640625 0.1109375 0.171875
1 0.60546875 0.8578125 0.209375 0.1078125
28 0.346875 0.8796875 0.171875 0.1265625
25 0.3609375 0.15625 0.2359375 0.1703125
27 0.5515625 0.1796875 0.128125 0.134375
22 0.6796875 0.20703125 0.153125 0.09375
14 0.81953125 0.234375 0.115625 0.0515625
15 0.790625 0.4359375 0.175 0.1609375
18 0.34296875 0.4265625 0.06875 0.1171875
26 0.571875 0.4421875 0.121875 0.08125
29 0.44296875 0.44453125 0.146875 0.0734375
6 0.74140625 0.47109375 0.1421875 0.071875