27 0.740625 0.57109375 0.115625 0.134375
13 0.3234375 0.5796875 0.125 0.1171875
1 0.628125 0.61015625 0.203125 0.0859375
24 0.440625 0.6265625 0.134375 0.046875
18 0.3234375 0.83984375 0.0546875 0.0984375
22 0.44140625 0.85 0.1890625 0.0921875
11 0.68828125 0.86328125 0.071875 0.0671875
3 0.5609375 0.90546875 0.14375 0.084375
19 0.7296875 0.91328125 0.1578125 0.090625
17 0.37890625 0.934375 0.234375 0.096875
13 0.3421875 0.1734375 0.1640625 0.1453125
23 0.715625 0.221875 0.16875 0.0609375
20 0.3375 0.40625 0.103125 0.175
27 0.73203125 0.42578125 0.1171875 0.1296875
15 0.52578125 0.465625 0.246875 0.0609375