1 0.4234375 0.59375 0.171875 0.103125
8 0.7453125 0.61328125 0.2078125 0.1015625
29 0.55390625 0.60859375 0.159375 0.090625
22 0.74296875 0.87265625 0.1515625 0.1234375
23 0.46796875 0.86484375 0.1515625 0.0796875
5 0.3515625 0.89765625 0.1765625 0.13125
25 0.38359375 0.1828125 0.2484375 0.121875
14 0.7 0.225 0.1171875 0.0609375
19 0.8046875 0.23125 0.1375 0.040625
24 0.575 0.23203125 0.1375 0.0328125
18 0.3625 0.4140625 0.0671875 0.1046875
26 0.5890625 0.44296875 0.1359375 0.084375
0 0.71875 0.4609375 0.1578125 0.078125
7 0.4109375 0.45234375 0.13125 0.0640625