0 0.39765625 0.59375 0.178125 0.06875
4 0.5375 0.61328125 0.178125 0.071875
9 0.75703125 0.61953125 0.1953125 0.071875
15 0.7078125 0.859375 0.15 0.121875
7 0.39921875 0.87265625 0.1328125 0.0625
26 0.5921875 0.87578125 0.121875 0.078125
27 0.7828125 0.175 0.115625 0.1375
29 0.50234375 0.21171875 0.2171875 0.065625
12 0.35390625 0.21640625 0.115625 0.046875
25 0.3953125 0.4140625 0.190625 0.14375
18 0.53046875 0.41640625 0.06875 0.096875
22 0.7578125 0.43203125 0.1859375 0.103125
28 0.58984375 0.446875 0.2328125 0.0734375