6 0.62578125 0.4671875 0.1125 0.0375
13 0.4484375 0.5640625 0.1515625 0.1421875
5 0.59296875 0.57578125 0.18125 0.096875
8 0.69375 0.59453125 0.284375 0.103125
20 0.775 0.82109375 0.1046875 0.1625
1 0.6375 0.846875 0.20625 0.103125
20 0.81796875 0.84140625 0.1109375 0.1671875
28 0.38359375 0.8875 0.1796875 0.128125
25 0.34296875 0.16328125 0.1984375 0.1796875
27 0.525 0.178125 0.125 0.1328125
22 0.66015625 0.19375 0.1640625 0.0921875
14 0.79609375 0.2078125 0.1109375 0.0484375
15 0.784375 0.40859375 0.1703125 0.153125
18 0.33671875 0.44140625 0.06875 0.1171875
26 0.5703125 0.43515625 0.13125 0.0921875
29 0.4390625 0.45 0.1453125 0.071875
6 0.73984375 0.45234375 0.1359375 0.075