3 0.71328125 0.4640625 0.1140625 0.046875
13 0.40859375 0.56484375 0.165625 0.11875
8 0.76171875 0.59765625 0.2015625 0.103125
6 0.5546875 0.615625 0.2203125 0.0796875
1 0.790625 0.8703125 0.1796875 0.1203125
17 0.43203125 0.90703125 0.19375 0.0859375
11 0.64375 0.91328125 0.090625 0.0765625
23 0.39140625 0.2109375 0.1875 0.078125
7 0.5796875 0.2109375 0.0875 0.0546875
14 0.70390625 0.2171875 0.0921875 0.053125
19 0.79375 0.21875 0.146875 0.0453125
5 0.39921875 0.42578125 0.171875 0.059375
29 0.56484375 0.44375 0.1421875 0.0765625
28 0.40625 0.4578125 0.2828125 0.0828125