13 0.48203125 0.5640625 0.134375 0.1359375
23 0.6015625 0.59921875 0.196875 0.0875
3 0.371875 0.62265625 0.1359375 0.065625
6 0.7765625 0.60546875 0.1875 0.0828125
20 0.78671875 0.82734375 0.1140625 0.175
22 0.65859375 0.8546875 0.146875 0.1296875
1 0.528125 0.87734375 0.2 0.11875
19 0.38515625 0.88984375 0.146875 0.09375
13 0.7875 0.17421875 0.1171875 0.1109375
15 0.39375 0.2203125 0.2609375 0.075
25 0.42109375 0.44453125 0.2484375 0.096875
29 0.565625 0.45703125 0.19375 0.075
16 0.7515625 0.44921875 0.1953125 0.06875