27 0.7453125 0.55703125 0.11875 0.1359375
13 0.3421875 0.59140625 0.128125 0.1125
22 0.4640625 0.603125 0.15625 0.1046875
29 0.6171875 0.6046875 0.1515625 0.090625
11 0.7578125 0.609375 0.08125 0.06875
5 0.7 0.82265625 0.15625 0.1046875
1 0.57421875 0.8765625 0.178125 0.103125
2 0.39453125 0.89140625 0.1875 0.1015625
6 0.7765625 0.89140625 0.21875 0.1171875
20 0.51640625 0.15859375 0.1109375 0.1828125
27 0.36640625 0.184375 0.1296875 0.1296875
3 0.73046875 0.21484375 0.15625 0.0453125
28 0.515625 0.44921875 0.2125 0.0796875
23 0.734375 0.44453125 0.1671875 0.0765625
14 0.3546875 0.4640625 0.09375 0.0578125