2 0.73671875 0.45390625 0.2296875 0.0640625
27 0.74296875 0.559375 0.1125 0.1484375
13 0.3328125 0.5921875 0.140625 0.1296875
22 0.45859375 0.603125 0.1578125 0.1078125
1 0.63125 0.6 0.203125 0.0921875
11 0.75546875 0.60390625 0.0828125 0.071875
18 0.3546875 0.85078125 0.0609375 0.1015625
3 0.5796875 0.88515625 0.1421875 0.084375
19 0.75703125 0.8953125 0.15625 0.096875
17 0.409375 0.9421875 0.2375 0.10625
24 0.675 0.9546875 0.18125 0.0765625
20 0.503125 0.1609375 0.1203125 0.1875
27 0.35859375 0.18828125 0.1296875 0.134375
23 0.67734375 0.20859375 0.18125 0.06875
28 0.553125 0.44921875 0.15 0.0859375
14 0.353125 0.46484375 0.0984375 0.059375