6 0.34609375 0.4625 0.1859375 0.06875
22 0.50546875 0.58671875 0.134375 0.1015625
5 0.725 0.60078125 0.1796875 0.1046875
19 0.703125 0.8796875 0.05625 0.0421875
0 0.59296875 0.88515625 0.109375 0.1078125
29 0.3921875 0.87890625 0.1875 0.0875
19 0.790625 0.89453125 0.0890625 0.08125
0 0.7328125 0.91796875 0.0953125 0.0671875
8 0.7765625 0.2125 0.2171875 0.090625
3 0.36171875 0.21953125 0.1359375 0.0453125
24 0.51953125 0.23046875 0.14375 0.0390625
26 0.3796875 0.4328125 0.1234375 0.0765625
7 0.51640625 0.45234375 0.109375 0.059375
14 0.68828125 0.459375 0.109375 0.0609375
11 0.7921875 0.46640625 0.08125 0.06875