22 0.7140625 0.5640625 0.1640625 0.0921875
2 0.378125 0.6078125 0.1578125 0.0515625
24 0.584375 0.62578125 0.1703125 0.065625
29 0.41953125 0.88671875 0.1625 0.103125
8 0.76015625 0.87109375 0.2015625 0.1234375
7 0.5875 0.88125 0.109375 0.090625
5 0.71640625 0.1859375 0.153125 0.0828125
25 0.58671875 0.19921875 0.2984375 0.096875
11 0.79609375 0.1953125 0.090625 0.0671875
3 0.35078125 0.2296875 0.1640625 0.05
26 0.496875 0.43828125 0.1453125 0.0828125
21 0.35078125 0.453125 0.125 0.0921875
15 0.728125 0.4515625 0.2875 0.078125