29 0.72109375 0.6015625 0.1453125 0.0875
13 0.575 0.5953125 0.1703125 0.1125
25 0.3953125 0.60234375 0.2640625 0.096875
5 0.6703125 0.83828125 0.1546875 0.109375
2 0.359375 0.88046875 0.1890625 0.10625
6 0.74140625 0.9171875 0.1984375 0.11875
27 0.60625 0.18828125 0.1234375 0.128125
7 0.4 0.20234375 0.159375 0.0625
8 0.7703125 0.22265625 0.2140625 0.09375
18 0.35546875 0.4140625 0.0625 0.1046875
21 0.7140625 0.44921875 0.2015625 0.096875
28 0.54609375 0.4515625 0.225 0.103125
11 0.7546875 0.475 0.08125 0.0671875
24 0.33984375 0.45625 0.1375 0.04375