22 0.36796875 0.59296875 0.1453125 0.1046875
5 0.52421875 0.59453125 0.175 0.10625
7 0.69921875 0.59375 0.15 0.06875
1 0.4 0.88125 0.1515625 0.0890625
19 0.79453125 0.86640625 0.1546875 0.090625
6 0.52578125 0.890625 0.128125 0.0984375
6 0.68125 0.890625 0.0921875 0.0828125
27 0.778125 0.15703125 0.1421875 0.1421875
24 0.49921875 0.228125 0.1265625 0.034375
8 0.3890625 0.4484375 0.2375 0.096875
14 0.70234375 0.44296875 0.103125 0.0609375
3 0.60546875 0.453125 0.1171875 0.05
11 0.7875 0.44375 0.08125 0.0703125