8 0.76171875 0.596875 0.2109375 0.1015625
29 0.56640625 0.60703125 0.15625 0.0921875
3 0.37578125 0.628125 0.1375 0.0546875
25 0.80078125 0.84609375 0.1546875 0.225
21 0.6703125 0.8703125 0.140625 0.11875
17 0.41484375 0.903125 0.203125 0.0875
26 0.365625 0.20546875 0.1703125 0.0953125
7 0.5734375 0.20859375 0.084375 0.05
14 0.70546875 0.215625 0.1015625 0.0515625
19 0.79140625 0.21484375 0.1328125 0.0484375
18 0.74609375 0.3984375 0.0640625 0.0703125
5 0.396875 0.43203125 0.1875 0.0765625
15 0.78046875 0.44140625 0.1796875 0.096875
28 0.3953125 0.4625 0.278125 0.0828125
6 0.621875 0.45546875 0.1984375 0.0703125