27 0.753125 0.55 0.11875 0.1390625
13 0.32421875 0.59296875 0.1296875 0.1296875
17 0.621875 0.6125 0.253125 0.0765625
24 0.44765625 0.634375 0.1375 0.0671875
20 0.6625 0.81015625 0.0953125 0.165625
18 0.346875 0.85234375 0.0578125 0.103125
22 0.4671875 0.853125 0.1953125 0.0984375
23 0.3890625 0.9265625 0.1625 0.11875
0 0.64375 0.91640625 0.1796875 0.1
13 0.30703125 0.1796875 0.1921875 0.15625
26 0.66796875 0.19765625 0.165625 0.071875
27 0.75 0.4078125 0.121875 0.13125
28 0.459375 0.44453125 0.240625 0.084375