27 0.48828125 0.56328125 0.1140625 0.1328125
24 0.671875 0.61015625 0.1328125 0.053125
10 0.80546875 0.625 0.1359375 0.05625
26 0.44296875 0.86953125 0.1296875 0.0890625
9 0.7015625 0.89453125 0.1984375 0.078125
15 0.40546875 0.18984375 0.19375 0.1078125
5 0.64609375 0.2046875 0.1828125 0.0859375
28 0.81015625 0.21484375 0.11875 0.071875
11 0.55859375 0.44609375 0.0765625 0.0625
27 0.42109375 0.446875 0.1359375 0.05
12 0.83046875 0.46328125 0.109375 0.0515625
3 0.65078125 0.46796875 0.1515625 0.034375