13 0.53984375 0.571875 0.13125 0.1375
3 0.684375 0.59296875 0.15 0.0578125
5 0.3734375 0.5984375 0.1765625 0.0984375
0 0.77890625 0.85390625 0.090625 0.0734375
22 0.65546875 0.86015625 0.14375 0.125
1 0.51953125 0.88046875 0.196875 0.109375
19 0.36875 0.88046875 0.153125 0.0796875
25 0.728125 0.2046875 0.259375 0.0828125
29 0.3921875 0.20625 0.2125 0.0875
15 0.5453125 0.21796875 0.1625 0.05625
23 0.70859375 0.44765625 0.1328125 0.065625
7 0.62734375 0.45625 0.16875 0.071875
16 0.39765625 0.4640625 0.190625 0.0546875