22 0.60234375 0.58046875 0.1390625 0.0984375
14 0.7890625 0.5828125 0.11875 0.0640625
11 0.4359375 0.60546875 0.090625 0.075
19 0.796875 0.85703125 0.0890625 0.059375
29 0.42421875 0.88671875 0.159375 0.1078125
19 0.7078125 0.8796875 0.075 0.0609375
3 0.596875 0.890625 0.1390625 0.078125
19 0.78046875 0.9171875 0.075 0.0453125
27 0.3484375 0.18359375 0.146875 0.15
0 0.75390625 0.19609375 0.1796875 0.075
24 0.58671875 0.2203125 0.1453125 0.040625
1 0.7515625 0.43515625 0.1609375 0.0765625
26 0.6046875 0.44453125 0.175 0.0890625
7 0.42890625 0.4609375 0.1453125 0.06875