1 0.425 0.590625 0.165625 0.096875
29 0.56640625 0.60078125 0.15625 0.1015625
8 0.7546875 0.5953125 0.20625 0.096875
11 0.3546875 0.62265625 0.084375 0.0734375
25 0.80625 0.83984375 0.1640625 0.2390625
26 0.534375 0.87421875 0.1390625 0.109375
2 0.38125 0.90546875 0.1578125 0.1109375
6 0.5640625 0.21015625 0.0859375 0.05
14 0.70078125 0.20703125 0.1015625 0.0625
19 0.7921875 0.21328125 0.13125 0.0421875
17 0.36875 0.23671875 0.221875 0.0328125
18 0.74296875 0.40859375 0.0671875 0.09375
5 0.390625 0.42421875 0.178125 0.0734375
15 0.77890625 0.440625 0.171875 0.0953125
28 0.39296875 0.4609375 0.2625 0.09375
6 0.61796875 0.4546875 0.1984375 0.0703125