6 0.61953125 0.4671875 0.115625 0.0390625
5 0.58984375 0.57265625 0.1859375 0.1
1 0.4609375 0.58125 0.1703125 0.0890625
11 0.72109375 0.59375 0.0828125 0.06875
20 0.7765625 0.8140625 0.1078125 0.1609375
20 0.82421875 0.83359375 0.109375 0.1703125
23 0.63671875 0.88203125 0.2109375 0.1078125
28 0.38359375 0.896875 0.1765625 0.13125
25 0.32265625 0.16640625 0.2 0.1828125
7 0.49765625 0.21484375 0.0921875 0.053125
14 0.78203125 0.20390625 0.1140625 0.0515625
24 0.65625 0.2265625 0.140625 0.03125
15 0.78203125 0.40625 0.1640625 0.1453125
18 0.3328125 0.44375 0.06875 0.1171875
26 0.5734375 0.4375 0.134375 0.0890625
29 0.4390625 0.45078125 0.153125 0.075
6 0.73828125 0.44453125 0.1390625 0.071875