8 0.56484375 0.5984375 0.278125 0.090625
12 0.37265625 0.60546875 0.1140625 0.0609375
9 0.778125 0.60234375 0.215625 0.0765625
2 0.7015625 0.8734375 0.2171875 0.103125
16 0.40546875 0.88203125 0.1796875 0.0984375
10 0.534375 0.8875 0.1046875 0.0796875
15 0.34140625 0.19140625 0.1375 0.1140625
22 0.7375 0.19453125 0.196875 0.0921875
7 0.56640625 0.215625 0.09375 0.0453125
18 0.65859375 0.415625 0.0640625 0.103125
26 0.54140625 0.4484375 0.171875 0.0703125
11 0.39921875 0.45703125 0.08125 0.0671875
4 0.7828125 0.4546875 0.15 0.0578125