1 0.4296875 0.5953125 0.1859375 0.1078125
8 0.75390625 0.59453125 0.2109375 0.103125
29 0.5625 0.60546875 0.153125 0.09375
23 0.49765625 0.8640625 0.146875 0.071875
5 0.378125 0.90390625 0.1765625 0.1125
25 0.36484375 0.1890625 0.2640625 0.1296875
14 0.6828125 0.209375 0.109375 0.059375
19 0.78671875 0.2125 0.1421875 0.046875
24 0.56328125 0.22578125 0.134375 0.034375
18 0.3515625 0.42421875 0.065625 0.1046875
26 0.57890625 0.43984375 0.1421875 0.0859375
0 0.7171875 0.44609375 0.1515625 0.08125
7 0.4078125 0.4578125 0.128125 0.0609375