21 0.7890625 0.58046875 0.15 0.1
1 0.64921875 0.60859375 0.1765625 0.0859375
17 0.41875 0.62890625 0.20625 0.0625
19 0.73203125 0.85859375 0.059375 0.04375
19 0.82734375 0.8671875 0.0953125 0.0828125
0 0.6328125 0.87890625 0.10625 0.1109375
25 0.45 0.9 0.2734375 0.15625
0 0.765625 0.89921875 0.090625 0.0703125
22 0.77890625 0.1828125 0.14375 0.1
6 0.64453125 0.21484375 0.165625 0.0484375
3 0.340625 0.23203125 0.134375 0.04375
24 0.503125 0.225 0.1296875 0.0359375
8 0.41328125 0.45234375 0.2796875 0.0953125
7 0.684375 0.4484375 0.1078125 0.0625