8 0.7515625 0.61953125 0.2125 0.1046875
29 0.55703125 0.6125 0.1578125 0.0953125
3 0.36484375 0.61640625 0.1390625 0.05625
25 0.76953125 0.87109375 0.1578125 0.228125
21 0.6375 0.88359375 0.14375 0.1203125
17 0.3796875 0.89453125 0.2046875 0.090625
26 0.39140625 0.19453125 0.171875 0.0984375
7 0.5984375 0.21640625 0.084375 0.0515625
14 0.7296875 0.234375 0.103125 0.053125
19 0.815625 0.24140625 0.134375 0.05
18 0.75390625 0.4203125 0.065625 0.071875
5 0.403125 0.42265625 0.1890625 0.0796875
15 0.784375 0.46640625 0.18125 0.1
28 0.39921875 0.453125 0.278125 0.0875
6 0.62578125 0.465625 0.1984375 0.0734375