3 0.35703125 0.46796875 0.121875 0.05
17 0.75078125 0.46875 0.25625 0.0453125
21 0.3609375 0.5984375 0.14375 0.09375
7 0.5375 0.59921875 0.140625 0.05625
8 0.75 0.60390625 0.196875 0.0875
0 0.57890625 0.85546875 0.08125 0.0625
0 0.7171875 0.86875 0.1234375 0.0875
19 0.34296875 0.878125 0.0765625 0.040625
19 0.50859375 0.8828125 0.134375 0.08125
27 0.775 0.1796875 0.11875 0.125
26 0.44140625 0.2078125 0.15 0.075
29 0.61953125 0.21328125 0.1640625 0.0703125
15 0.46953125 0.4453125 0.309375 0.065625