10 0.42109375 0.4796875 0.2375 0.0390625
28 0.76640625 0.58984375 0.175 0.0953125
21 0.60234375 0.6 0.1515625 0.078125
7 0.4328125 0.60625 0.1375 0.0609375
26 0.54453125 0.85390625 0.140625 0.0984375
15 0.734375 0.86796875 0.246875 0.1046875
4 0.40625 0.87578125 0.1359375 0.090625
13 0.79765625 0.184375 0.175 0.1125
24 0.6484375 0.228125 0.1796875 0.028125
18 0.75 0.41640625 0.0609375 0.10625
23 0.46171875 0.440625 0.1859375 0.071875
11 0.58515625 0.44921875 0.08125 0.0734375
25 0.7109375 0.4515625 0.3015625 0.0734375