0 0.39921875 0.5953125 0.178125 0.0703125
4 0.534375 0.6125 0.184375 0.065625
10 0.73984375 0.62109375 0.128125 0.05
7 0.40078125 0.8625 0.1375 0.0609375
26 0.59609375 0.86640625 0.128125 0.084375
9 0.7671875 0.90703125 0.2078125 0.10625
27 0.78125 0.17421875 0.121875 0.134375
29 0.38203125 0.2078125 0.171875 0.06875
12 0.59296875 0.2171875 0.1625 0.0484375
25 0.3953125 0.4125 0.1984375 0.140625
22 0.7515625 0.43125 0.190625 0.103125
18 0.51953125 0.43125 0.0671875 0.1140625
28 0.60859375 0.446875 0.1421875 0.0828125