5289
70971
43026
23933
49262
39947
111875
234069
100540
165856
474769
48131
101115
86768
60938
154426
163238
196264
168590
202009
165385
204270
16327
151746
368320
128715
280918
173113
457965
480776
46189
314384
152844
134015
246224
172744
409229
174469
218648
25512
407098
192542
147563
52565
467076
96727
474258
16451
196614
67142
375362
15211
468143
370567
249911
255928
236346
11361
374271
90499
423880
127184
20238
468112
72600
67446
240314
242259
394049
461235
471666
461437
400243
399828
458255
122497
388669
182904
531254
19294
152441
415334
136112
123408
277145
51716
79826
63069
362546
81108
21428
66404
200419
166653
525818
472014
122817
507544
89121
42800
193053
57301
37684
269156
373334
317309
155496
76490
9518
145831
301661
121081
345057
205712
220922
301835
241276
170981
338753
149252
56973
26180
116672
432077
274746
345089
366114
174537
272641
287401
302224
309179
145013
321494
166531
429949
188325
291960
313377
194864
32459
198681
309827
390779
353136
398291
205552
206557
134233
169648
496542
16975
63706
300049
123602
256190
366021
183563
353623
380846
354476
375087
27815
219479
460069
458360
469645
170494
206008
246568
43345
302152
229252
380747
106132
415458
455187
306739
117996
500043
184008
455193
173242
457028
309722
348276
455547
455887
21302
23252
183997
5234
154951
253037
153054
88443
123691
97727
361979
308695
97699
415810
104734
381157
3258
440023
63441
54608
376330
292226
28879
19104
158962
31008
209434
60754
51642
243803
347899
457094
160696
472832
326127
82984
123513
132236
171456
66815
79502
28824
353968
43281
436243
240263
465254
390582
258647
114715
248926
364404
33954
253492
258552
456752
220199
249042
77557
354957
46982
313506
141385
377475
112795
180120
12100
489547
221175
153758
285124
472363
246298
456996
291555
470032
64841
228522
157482
265513
452189
411947
64793
367952
37152
170
47844
28731
205880
89459
204869
285649
93495
468793
158420
187678
89937
418739
227941
90384
178772
118878
315807
283493
12402
344186
87502
330991
275449
335822
313248
396504
356333
306113
246064
384137
229851
327593
105924
125476
457823
73362
43858
341424
118433
105454
290851
226710
300215
279810
137618
97140
368783
149171
142820
476740
188116
440425
322927
198507
189950
421012
521756
258967
129623
136732
187628
141108
471473
289410
299305
30519
124043
111547
302021
337501
171628
212967
480095
88225
67197
222573
203652
131548
151249
44590
211061
118434
118449
401047
208769
130992
315259
260352
209690
1883
252052
43657
101299
3225
303493
25405
218390
283429
90460
246688
80230
104763
388507
377614
181539
48185
382671
84124
117529
307166
133019
464661
315983
362530
183491
213417
83213
229284
99248
201746
98366
103109
304490
151686
217352
84898
493256
269503
78013
211340
375113
187541
248331
261314
112710
408620
198372
222054
86215
140084
8975
190680
293262
508538
170324
173828
374304
125156
415825
455952
250245
378139
216326
166019
341349
111515
166376
29367
186382
382664
70041
216631
476635
318492
64708
299296
28385
198763
471921
17393
163506
190541
256185
191700
303987
90072
61350
463825
506139
117830
10813
116594
156908
164294
221474
278292
88246
22347
275964
112815
417252
114612
359513
342130
203642
35874
355413
153906
333825
284916
487428
308749
16652
186396
431644
239426
274706
65877
469188
13225
459976
238593
8805
99154
370408
370182
230534
83114
367497
59939
152629
41616
110342
388215
325336
41183
144252
382475
10877
490725
97094
349427
155712
398055
87154
207861
473803
300256
436679
188415
364119
198496
298576
326076
10301
9796
313443
301258
261461
220143
202316
173235
150636
415016
190939
65679
181276
124484
291086
38961
96143
67916
303491
472507
417315
23561
142422
219548
113096
142761
425355
279671
386901
226245
44042
33553
268335
85492
431395
264290
209822
301962
118050
305708
59353
58480
143248
351259
413252
367867
169904
127151
259880
456618
37653
348029
29077
243537
425253
14956
249951
87617
11164
53206
24516
143058
319699
214768
52571
260956
219474
475041
248905
330324
464792
514935
234646
345499
292386
204524
173735
475298
465366
249109
5293
61721
433459
116152
413592
435334
261714
484030
84236
159899
279371
89213
226259
225494
39642
154506
136939
254325
225857
74150
423683
1823
135634
357951
180398
116737
123467
404302
407150
178227
149124
486091
284089
388439
84191
166475
113285
303938
248781
104329
19168
238159
392356
343069
417690
195550
468194
87597
47797
61155
60750
172432
68953
135519
218206
58699
100849
432837
77660
431932
225329
204837
59850
79944
81021
452569
206913
45783
417564
345195
351156
405042
113789
317713
204723
321119
365951
331874
394281
138002
100964
205033
178308
212473
500133
479618
81268
139744
384101
105670
238380
226768
28804
372932
212211
211060
84634
315933
360626
230006
199525
64662
144428
122457
239451
45370
190690
52080
142310
8562
269730
254895
79663
376624
181399
209044
187790
235476
46921
220592
471046
232995
117546
180850
36931
172663
43475
43756
401322
252463
257650
340722
25963
278921
459115
23807
457213
196814
380745
500602
248563
45778
21926
34187
112049
367507
449868
509019
382940
492503
193419
223551
25284
62617
121097
434212
273183
102759
361238
112332
208058
329543
40114
44365
140825
477110
18324
150765
306862
133467
191457
76067
307345
102460
470468
184845
122615
148222
359334
66559
2712
157168
114011
113463
87650
219386
372659
126521
332367
192896
28648
285686
128677
514796
425583
135629
431029
424035
295521
106545
50204
22059
349984
73493
3328
244062
62594
109949
363022
169518
119890
42499
151876
286882
181248
124641
224610
86691
220289
462745
213487
329170
18068
118851
268709
74211
106395
116813
155458
124093
353855
19354
514925
497164
122614
30399
354598
54276
154675
63887
129604
246604
72904
121051
53182
66975
35458
74217
26471
326000
85653
71169
141300
81097
204228
290870
464401
3977
276609
388134
98817
342683
12112
118516
239188
391349
268193
369659
452638
22012
60645
241634
65251
170280
4765
50432
116738
332269
227586
457198
297010
495987
31616
482138
302885
55114
441337
310101
319193
449756
421368
7066
56782
374725
269917
389124
378900
172191
125928
96961
166535
229126
415321
304620
9246
365402
117674
36283
460075
180476
371783
92657
135051
280244
95176
207309
376611
35669
354082
137233
60522
152882
458012
173659
290859
280310
135715
15199
70858
19235
113103
378142
296000
91746
27908
252419
185488
426023
179066
352
23500
462758
99028
219994
189416
264484
18901
379493
275526
204561
3407
478714
4732
169148
327904
308655
416068
150534
327825
317885
514820
73600
29698
211234
335906
275540
448606
183531
333393
117477
67499
413885
204587
174013
391878
248428
503317
287259
109267
187508
276109
13255
177828
133659
94291
205166
358347
413824
495881
29700
29600
42563
29669
457032
172797
240260
438317
144934
85449
208419
202411
202464
490834
341869
224260
356257
472781
4568
289570
32843
153185
248559
29623
75366
9398
354483
459
458
499127
36153
111535
504288
98800
375656
201097
238625
457400
365164
312638
495979
195436
120241
145070
501816
65521
516126
113873
472410
38959
281152
31540
102058
181885
65682
483730
482574
251766
229028
120818
120817
178075
264786
235463
289665
343684
171150
422978
333449
189930
467594
469651
68240
157523
167444
399657
211806
181029
10047
94307
264806
205329
191261
431625
67240
316064
399202
11692
471444
103417
174693
412390
387810
324045
10768
417125
462072
423427
71524
274637
253767
419161
329535
131648
162442
102185
24376
324104
82816
357131
196249
309555
47384
30527
216669
381669
298856
71902
251861
369403
10328
110135
23461
198733
242577
272588
236495
182412
169391
14152
197335
277979
175302
55350
63453
160752
75794
167196
14477
113994
225400
165352
291303
117066
341786
305486
468847
417194
424475
126838
52985
401326
73421
25691
421387
77368
210584
210593
257766
11026
36778
260629
157615
122549
91294
444556
71933
410520
241752
230832
17273
225255
105768
18947
46166
252214
294693
267403
43659
511622
400055
316736
281447
31925
92200
335655
108156
72465
242192
289247
136577
173201
249336
286822
474124
236463
355506
62149
345516
318796
112460
24871
78625
222254
129275
196662
157877
103412
63026
299437
112374
215421
86117
317540
450393
51715
131440
140029
266461
199268
120795
287320
301779
55
30372
353076
133480
410986
117333
343317
471057
42985
94535
172229
323002
26972
283972
499001
172474
14664
173321
298871
27489
287636
85386
99399
36537
191960
265237
54098
394086
238562
339966
310904
273248
357614
460064
260885
350465
364704
330681
189951
165442
30739
382218
180185
249163
119444
205521
393561
36165
387843
321639
456163
11615
60175
34250
102583
102778
109890
60685
49031
91452
110610
47812
269198
89229
175805
35400
286682
153754
67476
408092
252749
87064
465991
238325
278581
222401
440083
216211
89605
142278
211013
396047
62760
13114
238618
276675
32191
114207
320545
295222
79616
148983
89939
93207
119160
175197
16407
198052
277466
252812
283472
302608
29937
312647
63795
124215
8404
21117
306629
181596
39407
287712
155204
131470
36138
116599
2002
182402
358529
6561
292989
283146
99895
9687
383114
203474
17310
167894
348230
269480
473415
287433
242531
352945
226929
13444
17305
198140
227707
217580
114776
135549
49602
373460
119345
119343
292228
112003
407428
205113
211804
464831
534393
70079
305021
61363
73567
45374
255056
62969
164379
139567
363157
473637
456865
187092
420742
384341
60739
76670
93449
264998
370026
177338
119798
84224
229268
47121
126107
81951
308115
201001
449608
457759
160089
151210
229900
252036
375595
142945
466205
121108
86607
389256
287887
377958
28144
219596
300152
465906
117846
23632
97662
184707
67852
105131
215804
266293
378789
453789
310883
296032
146053
338900
105239
513821
20996
19071
507115
155256
523799
63860
67198
106826
41939
80753
277880
74862
421962
398755
278079
48420
120887
3847
88375
153721
53337
82901
10910
160268
61326
111609
124035
225075
128618
168737
27618
482186
187093
291133
319782
191416
27964
164377
73107
56192
349343
285718
431922
41806
319236
385954
248952
464593
185939
211703
61116
165913
47775
252988
128265
33512
387252
288918
129049
335597
423922
151163
225738
89356
323991
21070
336500
332873
59461
303778
87108
52220
268538
229065
4968
166565
155148
332587
14815
344251
485340
322193
37235
86752
10198
238378
203390
319286
252967
434495
339115
385378
307409
30229
117005
332451
11804
46749
246657
63818
151766
269646
168562
420730
5482
278902
136640
71074
133517
109418
23526
104424
358168
170988
77524
258571
86421
43309
352200
136578
35482
520442
137806
110217
171980
479752
124292
379872
243620
298098
135340
281702
203854
437758
94690
297288
414864
250624
147844
153436
158855
19875
144205
350810
326739
202657
337129
25863
335750
200562
356230
223533
350631
145953
199100
439069
529644
64252
161962
152029
258589
281279
36020
29189
288465
419098
110836
151803
12739
134606
337256
64659
302704
222374
256493
123412
137566
306612
55052
209054
198884
114953
356948
180392
457885
99759
448771
325769
412825
101848
206903
332725
233694
348815
363629
171095
325569
146942
49577
79700
151638
171041
138834
352739
369461
438805
414164
443843
289508
452799
50573
233146
51564
264944
220366
88623
327996
87147
419798
479668
378226
412626
21056
253785
211418
337928
229685
291327
489
139338
33903
513985
332403
105855
210121
469991
182647
137144
174775
213057
483026
38132
276622
374057
391325
392344
114105
61928
299611
31217
483010
257444
250448
156857
4447
79329
206583
499302
92022
336950
47842
53445
127015
130565
48323
107109
115538
474300
300451
423457
288565
253736
463540
220312
267254
167450
332971
4100
342605
108926
398262
256370
163047
249836
374618
35852
462250
4326
49212
213643
339746
340649
64354
512718
199533
175858
101188
155000
151442
11918
376684
22128
472824
363434
167476
201142
163445
37971
433502
108679
179824
303427
360342
84742
18972
455915
390373
12618
150477
122191
15070
197244
458694
165483
126440
114545
283105
242475
262218
312422
445599
386357
162117
30179
231129
34557
318556
361375
359280
189596
359814
31668
40826
259686
73344
207186
503123
503848
192838
87689
4952
250569
53131
291258
29187
241847
8161
19546
175414
16271
459317
432544
9966
188723
216329
459529
131702
265294
505806
303820
281093
194171
287910
155770
26713
150886
100162
26651
351913
302548
465450
64799
165964
97418
65612
66436
147
64797
267629
41669
125208
309202
487569
328886
298141
19830
161448
212596
238879
155478
310267
238933
287604
177600
279426
118574
393931
344920
44062
135803
44308
15014
104111
18665
333177
198489
19765
34909
187479
58705
223049
19278
309656
455894
283588
193951
215396
203117
28935
44617
44051
98788
127144
104650
103220
321810
77338
234113
25326
137902
49890
522870
350300
78823
224573
423174
304860
304912
264479
106627
402907
14775
468219
288160
109748
186303
32043
53629
268539
363280
199692
410503
410874
320400
95854
351540
289534
167933
438440
169991
179600
59555
92462
373382
35875
504721
296358
314627
28547
154009
33194
230412
240889
358328
54385
4164
349692
305476
56512
16939
233865
295903
312156
38015
459267
329464
118034
134545
247018
34191
3688
88976
199870
104701
109870
300847
239603
256566
112580
396023
72846
455971
69065
90980
34677
87047
45298
17851
264214
367176
265572
98455
139843
259701
17441
266669
375991
263659
121824
103411
51031
192329
100977
41707
295666
347541
370174
133216
208092
435596
280239
343751
500196
287430
113968
101544
404199
212617
159128
475572
533151
284387
54942
267527
197274
33404
535315
41022
115153
488213
121423
302026
116591
507795
259989
94580
2515
361125
134682
108486
87160
455950
368478
286991
153490
383836
264481
45646
144626
135122
337604
201579
280542
44459
314726
209803
375592
190067
20423
374425
282615
33284
331644
102954
250118
26974
333774
322478
222303
233837
433233
16441
34193
13428
479433
74266
288720
377133
355933
94521
288996
352126
506965
365428
340100
253820
128250
51778
106160
188396
206872
62998
312581
389202
102527
62654
151020
75772
50916
312583
224054
254741
454349
319548
445619
287381
146058
118944
188436
37691
299980
266354
109047
397843
127926
162468
244973
179026
20113
35769
53385
41493
134940
165681
146843
139003
278421
304644
1945
156193
27744
161799
317210
40555
259941
80115
243913
53146
162592
11717
365552
258716
340398
283920
55507
153687
267933
74463
327973
325077
12484
270039
51530
222554
204080
95787
345306
149
458158
133812
232511
361605
216628
60316
122605
111904
260065
45075
3802
104105
316247
62509
378762
125086
252627
205291
165663
344392
13374
121359
495706
263246
330184
9812
95393
113619
211839
55900
183993
55509
91956
338550
50870
94498
514941
116829
138297
25500
161150
24841
87405
158765
130304
304305
292467
187514
181302
458166
94421
105012
184642
70397
324034
123948
132675
373464
201620
9501
307221
27137
105653
190141
465650
461886
286586
266061
291447
392595
246528
274259
308932
110504
173601
212648
366193
188289
265717
265953
325417
358642
106340
253282
263153
346231
53033
216196
45732
507121
192465
234645
14845
233996
82478
225229
402808
189847
107998
168107
20513
515151
230236
375737
33739
71591
243844
292165
128517
193143
495821
190259
368162
138066
319949
246323
320782
122994
299756
277146
76370
283248
260015
411704
496573
164760
200277
192162
112862
113737
30920
521815
25485
483229
175293
418495
358246
13176
485797
131103
36782
158310
57883
55636
251923
89608
305787
44656
18928
66349
285270
75349
319423
18436
255086
31347
349870
20567
10018
368755
192687
242776
435576
284664
58374
531520
312001
293859
256081
126258
73389
281255
278261
150909
8904
378802
186158
24506
25869
16177
321379
244208
269765
150225
106410
368050
266826
115611
236851
115843
373323
77152
120724
314214
373824
461900
201402
112837
517533
253963
175284
225765
471358
362906
72807
136465
448967
446060
115358
473298
100003
213624
197209
108633
2364
142561
68874
177618
137825
237363
485071
33235
206089
221260
276832
26378
329427
355338
95644
207102
167298
237370
153956
102187
141082
27733
526051
477493
118210
294224
309983
334230
283511
316572
304762
457876
75250
316237
331031
103422
304967
519029
182538
35097
330568
129902
310743
516081
112965
27800
197326
397691
318198
70250
162457
207923
19837
470909
323046
532391
336724
438122
408909
105866
82462
98010
327047
362634
54849
407200
137184
36904
94105
330311
150574
184158
521081
63605
133641
89282
284601
151130
97136
37967
306112
213025
246882
120342
96284
408370
473694
310912
249813
360300
111360
212081
124642
304092
48782
306032
306176
55933
291775
458162
51860
207473
192215
482995
276260
32654
513440
51653
35719
231626
31308
17130
460320
460655
474419
455188
52579
338645
230744
137671
295756
170082
96132
24822
258091
112212
328327
40498
375833
314809
17625
453591
336796
154442
24310
139408
243511
292108
71807
4382
186304
276941
295765
130658
463380
21587
407831
169480
253998
132625
90857
18299
71589
12775
351046
387976
53135
149648
107579
151090
67225
347944
284203
159374
431602
12830
113084
210362
37341
126372
406803
19088
101081
297323
441186
462304
122688
352709
93266
93690
448458
85061
99710
378288
261256
335092
62697
242248
450710
386529
38164
19552
416084
172751
454323
36007
435046
85678
456271
223823
315125
439763
439576
104514
269479
296492
90233
3831
76625
105795
81271
248939
48249
209657
341493
208760
202846
425260
220560
307316
428180
137302
186964
512817
82322
66321
103797
366597
376589
88240
296109
406062
235188
439418
84472
369816
369800
146397
209262
283328
437305
216
199524
145595
133873
38964
131074
215475
224522
87387
98171
233019
164406
119628
96523
66773
132456
24838
64345
31333
192228
13451
271667
265616
222365
27559
235510
258079
292560
85455
410022
71730
12654
444358
10883
370639
308156
202959
251835
26139
348989
23815
58177
221504
250248
442526
356582
304783
22072
400594
23595
249937
416334
69382
278391
179680
318409
513271
348756
257357
173434
469221
134448
9083
418878
66981
182411
69061
148318
448885
419216
362285
413284
12948
171827
168981
224842
109447
15141
204390
101555
17466
368149
94182
44336
50492
303593
338892
108481
501710
238197
20860
282485
181971
86405
19165
205512
323498
194893
376022
366738
66898
478238
282490
68066
211242
101431
442361
16289
184351
325993
377017
459764
218642
66602
315657
155164
394114
103090
81732
179801
81145
42115
48270
116902
201484
230972
194149
43454
132491
377786
251302
190095
79243
51722
305368
275326
224293
63675
285345
50521
225271
386870
475679
224614
133861
434798
132274
432765
160480
91775
217403
91542
128751
67951
215152
300684
359253
303722
154651
117172
241550
141338
70803
22679
212459
130424
35348
330548
222150
325521
209258
20669
477632
418623
27858
329451
168053
25981
225995
330239
497450
242777
16380
391677
151965
147814
45316
76097
161226
109411
194098
295709
36035
50661
410072
509775
291466
386359
357895
310911
101966
348665
105579
42368
348327
126257
66483
189896
279585
156048
431846
195659
495480
274611
166101
31586
81679
398138
312224
298526
294819
308304
205083
179154
509289
507365
288594
258740
128045
144006
216543
255323
488258
425144
59052
89923
466111
135893
230278
261820
36562
467880
466186
196580
111591
149537
289162
39897
24450
329154
278682
84716
396736
248469
265674
91874
508539
18241
144727
79399
110924
485725
17214
9043
358873
100089
148898
352330
145990
111369
336412
392346
3798
147437
106271
123570
146349
94837
231813
372974
238887
114598
91837
380638
114973
109466
28734
161322
227216
270020
228119
58171
45211
455978
126052
215878
173537
136862
484124
204134
24520
165312
323813
344127
2130
2131
297777
107103
96749
13487
59882
129703
186048
268988
126301
84897
222372
217087
210683
91624
261614
455550
396406
64102
189578
426786
173234
387472
207655
502841
374199
32922
43675
239789
22354
77607
283928
99021
69476
185379
492072
385797
266896
439095
490620
407929
508542
123663
189979
203873
391165
233424
89535
71091
139275
218677
413547
273527
60899
338256
21218
155767
201249
80580
102538
187472
23131
474520
33122
111413
64680
87150
243035
156458
280944
445018
341995
70223
234465
204382
123980
16590
169143
80612
117827
186968
305939
39515
232684
26491
273755
329466
80708
95000
107117
148233
305917
395456
153788
24952
95241
66864
399466
123101
97229
227452
292430
9694
15148
484123
221162
320507
287415
56909
96902
72673
80816
394897
419118
318599
192335
4753
4865
115584
114208
485707
327906
3384
370572
260528
15659
84891
93746
382692
261609
135115
314015
200966
265779
22957
12584
33326
86852
31084
153302
74628
258058
304402
32705
49249
118656
9399
7212
271832
149883
168485
4902
67706
114028
280111
207474
46127
299919
480800
92103
253032
57627
368559
54443
449765
151569
583
26504
39648
158486
284953
93769
165430
100982
229757
248953
180456
468264
129738
234659
496754
122628
438471
146428
33332
99095
163276
343154
398180
512618
208043
161812
87360
327212
349165
293178
24502
184621
234602
203178
89003
118070
376779
170778
168307
99657
17118
179388
254218
160932
42461
345804
58719
338883
104429
339963
170807
234023
411047
11949
349859
362735
449181
89172
97606
347476
82629
20353
190442
480582
62052
467154
359110
322614
26830
206655
171269
186186
217169
152107
62696
99770
171610
342947
273952
473745
470105
314725
425523
48795
91304
106262
78938
96921
148293
386076
96654
325584
207660
302495
29291
124176
318889
11541
200625
43065
232399
293043
132064
210365
126066
118116
427583
16460
144356
30053
676
483851
328989
344430
294531
10258
193145
120205
28967
222892
52902
116635
447249
288194
236117
345235
82819
20201
17860
163092
135147
181346
50782
72035
320536
239520
444031
514162
275872
241711
180166
240436
335019
238050
107990
22285
422538
240324
122793
179582
160801
46100
176324
423991
182259
3743
96717
214446
419446
226135
506847
70334
360157
280260
41704
14202
423905
191161
460582
134214
92174
337333
282140
108573
196060
16945
175232
215634
167390
414741
147243
340681
83501
7274
159131
117300
25466
25289
100853
13358
95798
32602
228097
90686
520238
128133
81934
147061
321752
460245
67895
285159
53502
278190
431842
362031
438250
336506
129006
298048
482036
499360
484241
368409
459698
361874
32543
405524
278575
152484
193457
169716
264984
26533
187055
274735
101345
401187
32959
374620
221384
389116
495599
383953
145023
392259
168169
174942
25096
82997
190449
202990
230924
26714
162625
234258
366240
175387
411068
44368
67769
52868
159964
249025
105542
35419
178683
37013
167206
105151
192981
252676
266053
312729
70259
305831
75448
36864
123420
136767
13079
106990
462122
13758
318598
48211
101442
167975
131429
26165
294402
19771
40608
88317
132423
10962
122351
81567
56805
424287
123715
102867
291841
132454
282712
343209
310736
325185
447150
131196
267871
162205
302657
222533
221324
212248
339852
331678
72103
89037
315276
351638
464508
267198
31564
104894
375993
128899
12544
288118
218458
59955
493163
457236
62515
476609
159420
483744
14454
126830
242264
503735
353886
259009
276655
262038
423504
306230
233067
4671
369982
355390
20545
187060
240438
117502
89295
474171
309676
282144
513009
57906
170649
213865
356446
406550
82388
254068
3065
96668
197633
459813
362716
239810
276353
13836
412775
402502
69868
219504
40686
219847
60764
179787
106603
163942
455259
145705
357926
258913
392441
358241
358636
24396
232353
359291
377942
438819
155754
58017
193779
257404
87166
337637
470469
30141
319559
77280
87378
80672
366366
28866
496533
220396
44596
221466
15569
215655
505813
65957
450741
300801
252783
102356
16498
79827
80863
46085
48669
199455
99616
208028
20959
270220
201761
147419
16546
178296
77994
19600
158665
222460
327052
320062
364835
109162
506561
84674
319451
34162
247913
295103
261112
188462
184426
164479
91248
224308
280390
209071
199677
665
324677
276411
24420
182629
329734
58280
79954
44581
264739
313175
139412
244413
198470
517991
23310
225314
113268
336013
410913
474913
459339
422460
170294
391900
88914
468247
93223
475027
194304
165327
40276
283857
179315
370624
66451
128709
63443
200378
235395
21710
354327
56241
506312
150778
198447
329611
118235
385865
209181
256586
128343
289914
269749
43730
191732
62450
81239
252833
41085
473584
418421
395408
452874
316432
209249
238399
197398
187283
318214
323696
527347
267255
171164
407008
117635
236483
365549
322087
143899
85173
276797
228142
86608
14863
297337
427475
384738
274333
337534
311937
338189
81045
113445
313602
272737
305425
25718
197907
62470
297222
424925
367956
161232
161239
316079
472884
349259
67426
336517
146498
105823
447983
186492
327078
117824
28427
189726
268200
100058
12501
403646
157618
149492
304340
87479
5033
472527
46975
432489
12845
54153
4214
12643
48406
427690
395780
38733
151883
412284
404489
414801
37844
382676
430193
81740
14616
345442
212153
185871
485044
213986
260372
68683
385193
45939
398907
4943
346634
291077
369177
181274
180217
157005
496688
107892
428282
412986
380858
522775
17465
3830
419360
12127
97774
406068
80233
149183
149448
37017
280780
14961
144772
15150
284698
389345
119875
120054
120015
350851
14391
283923
98819
457827
54528
70416
82792
434781
17685
174239
509716
168240
215912
362957
44025
207949
257290
478112
93543
348670
82100
285670
167549
174819
13441
65115
458220
69977
163642
215662
202080
86953
191018
222232
108669
490512
326009
52425
77389
132422
202365
65854
232381
103514
19210
290206
84447
393060
517577
269202
37868
271322
335702
235163
156483
230378
429606
161048
493351
339582
191851
272734
254498
116291
126609
98208
120521
66415
157654
319397
104303
321966
225660
284765
245059
146309
57486
10795
66529
89636
101143
148364
373805
141244
289510
110695
52969
35571
37508
133645
93010
23121
205063
183278
183277
79129
17902
33989
150695
227209
191304
207821
129083
8077
324129
91286
163504
110561
61817
450399
249016
191201
209733
351571
66754
58968
302132
144071
196754
129221
89000
379102
9129
56421
476690
211044
418766
84453
331363
214536
41081
397935
94643
238503
92992
281673
77920
107079
327297
287677
484759
84836
498096
301204
157937
260051
210909
55413
96742
242198
396828
461528
190233
138877
440398
343085
192516
192550
172864
342195
434276
60249
306623
297677
11223
469496
25122
196329
415262
190808
376889
245266
97319
415723
95682
270561
83886
87522
327299
170323
52937
368090
500849
281361
413757
192585
118237
68118
153698
28132
408373
199486
149506
320876
207599
477652
515137
418946
354371
156906
87879
120836
98104
312790
283120
196863
350872
26927
192509
429334
313512
477282
200798
450547
428782
171717
28444
264179
36290
353740
490186
357601
12755
149717
42749
303940
148378
285876
102374
126627
61259
282335
115738
29490
334708
209483
484719
330589
239525
119019
95650
74088
104063
277824
22890
45292
43672
176899
207037
9409
418373
143138
128439
100542
275751
167527
74906
359842
454021
88254
215080
428583
428582
152457
252445
119114
203011
242778
115279
203499
88405
223225
173068
158542
37727
233637
189103
311798
401897
70149
114216
180355
143183
179187
276999
484372
137404
349423
23320
417379
355802
378920
130293
69450
57112
58681
344625
278454
130687
44794
202939
384998
34743
115987
38078
409807
136824
121471
395659
32209
135625
189448
58139
138430
229852
149590
182562
19341
200195
505100
69777
400357
41039
211708
360835
403333
282441
193916
25666
286223
70042
35859
61904
151959
166865
75565
82122
275225
107709
323360
228118
86316
138875
263820
222463
332263
93917
159478
91465
426960
47372
402309
187887
107471
94219
16767
66838
132091
137328
191254
268685
309553
10726
383527
337560
101879
22317
615
248218
269352
197322
23528
233253
86618
38204
128367
380543
60421
150218
326144
353536
174717
497918
18869
311412
465765
78093
310677
139255
500319
160347
116372
150777
244381
144944
100374
123998
26999
284531
391572
430322
81561
138302
240923
29497
65816
219029
133162
193370
40808
383353
245927
514824
265738
122218
190525
287921
133138
452976
334373
389993
41503
298960
113999
344616
348410
116948
362113
276229
52836
82697
422772
284347
438621
226969
459554
255978
361432
297901
85628
68508
312088
96684
230639
382123
20764
271983
260087
15927
65460
426300
281724
384183
48070
149450
187414
42537
154396
26997
30133
206400
320787
72610
255452
97593
108941
380779
268229
131138
187834
223348
178195
200020
487733
370461
283652
102201
349959
412117
242140
183383
104557
380647
27617
303752
143576
301909
266915
85397
340409
377138
329177
80265
214691
86396
513416
396207
101807
52563
184535
265947
305873
197961
288085
505768
230792
173429
75521
100490
356995
213210
503199
408597
283124
138203
136806
46095
293816
35589
146766
36194
416668
219102
232711
115074
229799
242573
275036
129779
210206
206465
109179
285907
70868
363872
184443
88421
445876
177021
531160
147460
154807
309425
420668
440324
225074
18414
208309
408958
244291
269371
377342
16602
366932
164251
407068
11565
180851
527710
86961
272735
288862
208673
161989
96815
403417
15984
439231
415300
426566
357783
476024
477895
216223
174088
303492
336604
13402
483610
243728
415154
278501
434067
195998
185525
52306
49709
122686
208006
84906
13766
45584
42610
50308
95763
96050
27809
125654
58240
11583
365119
434913
169829
317618
353755
322870
94926
80148
312034
287608
42978
216201
143729
349299
323125
141493
51559
398032
115236
22954
266656
123978
7194
133192
106668
130231
305703
338286
209385
388920
474518
40092
360486
221832
79183
246216
64685
289607
338399
307435
163704
54677
422521
385418
107149
359793
165961
458288
146316
201246
222239
313817
377343
33687
194195
300775
47283
112596
174351
288320
258263
464885
213150
5465
365717
410716
33362
497653
216739
15863
223906
215437
325843
63526
75255
294564
197565
33066
168803
473913
8210
52161
8211
113317
83772
10315
136772
172501
97832
50827
52558
367624
14533
7214
213465
42987
325419
383060
278482
27017
441482
356037
205671
45716
69282
305383
98418
330532
110138
22083
320739
291901
336909
184295
110604
433228
151800
10855
220849
189134
501315
106986
418053
502281
475788
12444
16565
127783
284021
175584
63787
224238
28934
291520
70391
391738
146042
260509
286801
365711
156970
60641
376962
63924
172792
52957
15038
205714
300884
195750
175443
398407
392303
188864
280298
282759
330038
292246
52487
269448
94939
63536
254395
127132
278380
13935
10885
385525
189655
226288
31604
113413
451318
139891
236520
153050
144440
88465
217878
30373
193381
302339
404676
49973
181905
300048
224498
93900
374947
156164
386491
27643
252421
374488
457527
18989
223397
362873
72798
443040
289608
448050
99491
483615
156228
24136
34880
390025
24146
221934
287460
125980
45690
225409
124398
61891
16571
173514
2420
331049
121440
424177
69618
39857
502552
333277
184916
362841
278202
95709
500437
110765
349099
475374
67000
181468
361810
455091
225511
304426
289067
57685
272132
265696
373313
510239
311160
137152
235228
117025
504246
277564
274888
106168
15822
54275
286977
245560
222862
156929
274823
118804
137070
31338
336417
63627
203362
65735
297442
402670
494625
283656
489591
489590
53926
326238
403123
168723
288047
202185
249145
168884
8416
89775
458007
528002
438094
181487
413875
98136
393796
70956
29569
208896
77538
303759
170500
118047
130638
407742
233672
44859
400815
92761
115068
313935
179842
20126
276863
346719
298587
134366
137811
149395
344826
494570
496107
135339
150524
334507
399352
125110
214701
103314
295193
370550
225171
210603
112857
273526
417955
258896
129172
113278
162614
403492
153034
243419
413026
286809
274666
121315
355825
371540
44115
25462
416557
333777
178911
190768
171372
126155
116680
269911
274288
252606
154079
134783
178782
500192
93955
327997
358752
342612
346516
88464
143395
218259
228096
378502
46818
312861
307405
24467
516070
44786
463739
321431
122794
76220
215184
262206
285803
199880
180628
268560
73328
48574
245105
357753
464878
69527
482547
479250
170384
331853
35605
204796
86112
306040
115354
477621
188082
63527
96087
253714
45023
331470
307533
179847
185675
211328
417709
20613
107350
460769
237684
120554
178779
230092
88515
129162
17384
239732
172637
334473
346726
193889
11277
225759
218780
571
1902
3179
112396
172690
147668
457304
313542
251674
262538
117035
502733
375710
318821
335352
66543
317478
109410
55302
239001
169645
593
3271
304102
358567
136137
234217
126450
13796
67825
305365
345386
312191
422932
104260
50871
21454
527645
466424
170016
84493
423128
328000
375608
22516
97785
254553
252928
374959
135775
359884
89429
535952
13521
44190
37709
169450
79727
39505
267596
595
7029
335158
313385
239932
235272
179311
316666
424891
222108
69761
533435
443630
24695
31426
49502
217884
83524
248154
220141
406655
12525
305243
79797
212508
81678
121911
92567
177389
224704
34910
238289
87149
98312
77757
348790
240605
128380
188912
6927
153830
279696
114596
343103
285547
482198
507156
76037
182128
166536
27750
173464
11053
95537
216999
54818
126716
377150
342955
481466
75473
69640
200357
427291
252785
313932
60180
451264
338489
20265
91260
213276
356732
514388
276647
493087
244734
213885
116028
41652
13701
206890
111084
96039
233484
245751
77797
265900
117595
289269
4269
455205
429140
217404
510209
245223
348379
102121
161494
320172
293632
389984
31977
233112
30171
10407
505338
64122
113961
340329
17173
100137
156435
58748
240332
437421
432730
259884
78791
150700
134503
325919
170806
130519
61830
92660
115373
430103
358993
115889
19064
78965
56453
101856
407679
135958
344478
415000
26383
129610
316343
263926
335911
260960
270287
129622
555
62199
281258
333741
265248
62317
19853
82319
76148
317505
465606
29987
468097
50966
65212
435005
256392
101751
361360
47140
3754
449706
294381
72253
36786
13124
72355
501918
194360
149748
44808
125759
166799
104556
7875
24204
149909
106643
474646
180000
76913
368069
278206
448843
88945
58491
150115
238729
150830
516517
298900
113225
151833
112248
393918
174743
61063
366742
115793
21125
86109
152251
57248
360134
326926
48169
107445
34386
392372
165275
12668
123534
382661
384059
22098
44730
33115
53760
217845
4784
377151
220844
155329
297277
284110
239325
202727
124755
185586
254508
83651
68995
135352
176320
360647
36154
423800
6444
192910
77942
220909
14222
281141
76360
346914
8418
226509
517482
94057
58404
156882
11560
452703
406738
305384
185937
411734
438738
255748
61108
333350
153126
229367
424309
19662
228962
304244
211058
482648
41897
188331
342565
370920
326252
320097
216474
124967
115855
324237
496425
26733
21517
143644
255933
315830
222652
468043
377992
15814
15818
429094
44592
19358
82272
317179
388222
265530
9931
329307
243612
344499
147982
33138
172725
399309
9286
325869
15832
199596
132141
148607
139766
292104
79039
80868
183232
85884
40321
398770
482418
248037
436255
36235
480310
451183
208977
261246
49019
360287
5410
98550
3683
350990
253504
450160
180402
388284
404357
51008
175419
175491
453961
11371
312917
261971
96656
497505
294999
110497
183931
507027
370388
481211
231417
488617
445418
146773
146414
461707
338326
263927
345163
256259
451297
428251
45235
118519
349092
336988
445211
439643
320259
350387
255509
75726
99607
299022
391978
325088
135059
140896
240465
350528
228950
237878
74603
204811
376871
193759
274396
79011
347825
101891
57809
318025
109650
371086
47055
71393
210644
307727
443571
361715
464755
57810
153231
178884
123323
239760
179069
164784
17315
59195
488844
80422
75507
189533
50402
382219
230695
180800
251583
366309
115698
424498
463384
26689
536098
61716
141893
70966
49174
46440
32348
219087
13590
260668
96827
42128
340172
256361
7537
131746
116887
165197
295376
321249
145891
32514
96877
427471
41713
41863
381030
405475
52275
271489
128904
246128
161816
239409
224629
273072
399106
231077
1975
200519
261998
256818
366245
53969
346640
490118
257597
439528
102605
261175
49893
452215
213658
123920
111224
447847
233974
119133
37098
307927
201442
204208
330111
345268
22376
120879
73861
74988
157498
234811
51779
246147
393280
160402
347435
123977
123213
148871
16001
63560
14590
141686
36601
34775
428343
129228
133180
465190
290288
216035
403545
117643
18199
212133
26465
158781
364374
51057
267828
428811
281030
303848
347963
219941
239487
14123
72568
33945
153308
345439
503550
268405
6724
104598
99991
86519
186612
46824
381162
92418
450329
273998
503855
503142
162918
383963
428258
503391
428238
38796
124754
400211
50179
312331
360237
427686
198155
61277
142565
296996
11529
200601
393688
507638
483816
322775
384306
91524
210533
212733
220655
149360
267080
52511
237242
8645
30768
73108
136590
204863
82195
109334
50842
153356
134754
231562
350521
266858
304408
146149
126458
25081
197046
182804
87295
107890
16650
49824
143128
55834
9055
107949
442938
243503
454753
49379
58732
388964
134718
403349
320695
314833
202697
96895
210169
301115
360925
114040
114092
23073
318210
161043
50806
112457
425317
220793
206810
464015
29461
34236
19339
290198
309274
265703
304947
161601
94308
253352
32574
479436
374342
38865
468263
486094
226308
106985
144794
148503
154037
73297
154641
12891
186562
75365
250392
226100
21106
262241
166767
120374
16118
24112
190208
342047
55254
92217
69463
176525
329632
183598
281032
251641
343490
456398
389408
247
18149
366014
337086
312690
371505
390097
330756
320553
380442
221074
322647
239521
482185
19710
57104
364755
277685
354906
37373
260900
288172
257588
54325
354681
319085
127960
32702
99934
503230
384667
220496
63737
102016
29133
218194
76515
129528
402602
366294
447471
40564
197557
410346
156687
120548
239709
224701
96241
140080
64978
302096
493219
28243
215800
120266
240201
30863
307367
328099
127555
85842
161542
128264
20217
305328
452748
10306
423803
165576
169810
125826
477631
363756
170608
304122
303254
26792
171086
165353
166851
301606
280767
151266
384548
454315
438600
178821
25644
155699
64853
255802
365879
62054
150808
423903
338958
16698
125127
58679
105236
187693
271307
330675
356401
464006
329349
223572
384360
292921
234222
98170
414938
174275
457158
98551
459712
9254
184009
383710
214646
268379
16816
483128
3498
316661
30648
182479
431344
321279
372876
15339
320417
282445
522731
403444
293708
158356
483831
309236
317554
446307
462602
36002
33309
64183
210083
391323
282620
194129
157917
471411
247751
2635
114489
112468
187029
392222
274119
193308
173063
156290
273662
126417
295740
156467
405930
316324
239592
250350
211503
455085
110636
188384
256343
232611
352036
208779
359219
107319
182192
47651
266718
532307
398059
20609
92696
228465
246191
50418
168150
221080
304712
59800
192730
44079
12099
104297
28603
41649
251055
67838
12449
117966
49480
17545
290945
23034
391996
81880
142230
496840
156404
77835
129146
335671
75466
177876
400610
365847
381066
290037
217985
24747
99949
11776
319898
447306
344917
222409
76720
19249
185144
95721
464873
52554
16062
386430
57346
191123
188845
151444
34102
157006
261350
480356
61094
407322
398117
133514
162931
158900
103316
197476
82989
1630
52806
172034
74895
21363
436343
35491
218382
2713
210170
317185
71695
53962
382029
98959
18638
30011
72246
97874
208328
495590
151189
104572
434925
256795
475751
309637
68699
57476
82701
60758
424581
411024
476112
89586
85610
49030
316024
101804
69215
15121
192543
147493
276364
267791
203867
128484
88692
244590
329792
242549
514287
360505
178811
456926
151329
133743
259011
112590
270139
155418
165660
270076
193775
463903
349498
241500
505179
296745
256200
245701
263512
104487
220654
246046
94285
401573
75418
353088
380107
371159
183290
820
134711
391515
474356
188575
129796
263627
16763
211460
62888
443404
120363
194395
260649
312290
429630
156194
342961
89005
210815
121473
124760
38552
287290
35083
50613
120884
409447
433196
122689
194426
388147
59888
447730
203591
454568
333314
318987
106008
150546
118238
274729
345698
429996
365069
234649
265314
391567
23275
197544
88109
335424
125648
117504
54940
37850
262623
376707
273605
262409
202337
47976
255613
114642
257544
106002
401319
101009
336017
314907
272625
140377
112817
405297
383593
137224
243219
151406
497311
486132
50675
80989
358439
15767
236515
31566
370127
68297
70154
125732
310
199638
475389
371964
303255
407473
74339
53911
395640
57607
378286
319296
110331
40730
407601
429614
113891
374129
188327
242966
388748
347393
266352
367982
73042
53874
418525
303823
152059
108601
78432
130936
33163
177724
466949
13526
37377
446790
257939
71499
13319
115532
207389
376622
167729
11846
138784
336778
8570
50150
285219
416708
79526
88812
206735
134481
10083
89380
471733
97106
136682
469875
473412
149879
225178
44385
288785
462865
185367
123432
362573
91167
225586
388369
482770
232248
157638
120538
14264
450102
28751
427195
57612
174389
136259
161950
61682
288924
82279
115933
218617
103806
268473
142319
43092
190470
253703
30750
501059
396911
225966
129971
186380
237634
326427
19572
513984
74933
191997
438737
83923
74053
84241
199719
243180
26700
45862
96475
259708
457259
196637
235420
188628
295132
235386
484517
26390
319295
198789
235113
121542
43049
20806
33994
40705
189977
49029
87380
222752
95789
54065
103387
157853
203193
371868
88647
514164
382813
398819
408605
516377
264684
424532
136847
476124
429187
46169
305376
55434
447963
303247
485821
187484
476731
377695
139417
322705
490161
376623
179932
139213
461851
478309
109808
40166
92555
67400
9370
457244
30084
498778
33392
475877
81763
484370
323878
47617
447699
134934
398333
321924
59135
19590
343430
35727
44572
466504
171322
108932
163784
54427
230509
82523
27871
61869
219781
300409
94284
234748
189314
44818
135149
430112
289263
210623
15411
71531
201776
444373
333618
230689
320845
169577
70847
261009
170180
378287
88732
82607
45212
190523
451071
98404
482886
406124
101255
29038
507432
451468
53507
341383
51354
334753
206784
404959
148094
47063
188565
426258
237108
312930
424000
81288
361414
79844
59550
140441
228247
291482
113377
195594
24998
17213
444051
394245
153096
20773
21441
138988
230152
85664
62753
34841
21035
172136
21371
20889
20934
392193
49322
21389
301001
19006
208981
445557
69297
23095
90294
270633
69767
237809
281877
201723
112814
273829
51001
386098
97461
12416
63168
117664
21508
148396
382698
501887
252690
189579
31281
59673
346724
289319
321292
12135
81302
228892
66499
323547
74728
81152
113812
44068
87416
25812
196616
439921
64142
110700
87871
327530
507546
76758
434960
20725
452278
60894
329659
333542
15113
19485
456138
451093
44957
191027
118328
258057
112200
88694
257442
38496
91720
249244
13854
269079
230596
461306
284688
205229
463578
438006
109150
262963
85776
58682
129754
181286
245136
29231
495604
41336
387296
171106
56671
397360
189935
14315
253754
209608
408648
158582
516886
303627
527072
419276
164690
328390
497440
94901
273191
80073
51126
203429
31653
75435
35746
20165
192104
210992
235605
232998
250967
154892
145944
97213
457502
459185
251374
115050
429141
114271
319625
8255
110856
313521
4423
78274
197849
72481
82948
82947
154800
131426
115844
288558
203128
109705
9972
66884
354167
124350
16070
229490
485397
38124
373010
113670
217390
363641
358384
419312
473769
87852
20809
200252
303347
495481
365514
295400
317158
182889
104441
495378
343060
149992
204632
191292
389799
366922
54643
366000
95068
504720
87633
81655
171365
28107
277519
460128
532420
397954
307071
450137
317793
515026
89462
331732
170083
87541
394264
340254
337208
479500
393518
460718
173258
336565
148982
103961
161578
228718
485979
315151
387072
218746
445890
455178
456927
149430
301472
324665
412704
45957
166893
296086
307916
247539
121785
328247
49445
315997
131670
175204
30667
383641
118819
410258
48298
301617
95814
499006
115975
260922
84435
162839
267702
45488
259161
308660
132978
214839
305325
141503
93114
15603
8793
388740
275410
181501
129052
60149
258234
174660
406856
305138
187905
57481
187478
121799
91668
265950
422870
487304
255660
288122
287617
268528
135879
214510
89007
213396
70492
311406
136433
285261
73596
308361
314205
229826
139851
151957
179799
244592
299690
69063
191490
120825
367843
203463
370482
82102
307260
354979
326987
69020
353045
96886
153712
154557
482161
114984
16869
224235
29288
96823
259428
121283
118820
215640
209754
442667
262135
196065
455459
49664
458477
376653
145999
318299
239296
50792
75538
80774
191137
119375
144480
185486
83256
14799
220942
294996
295054
94278
108964
135318
405518
488522
135934
235456
163466
363073
62722
78989
270100
397019
215984
77269
434717
241922
56287
57986
71313
188840
302025
482737
23735
208518
320598
496426
363730
391260
428392
172247
260878
4110
11182
149765
462237
294506
421555
446880
125848
525748
126369
214598
429397
90576
140678
19520
448456
191567
447571
107697
505659
368888
300826
148084
411340
36086
33048
72409
226102
252169
140854
18138
286066
49904
421863
33159
303129
327627
153845
51164
101177
151346
430761
102000
429772
197463
170288
504401
316406
89056
18046
229514
312766
4267
305063
210817
54671
84325
186252
233819
290873
284269
197750
426030
424282
99115
7090
121200
304538
202446
249367
502938
329911
40125
99554
83219
443454
188056
420406
468849
329390
93518
188944
392130
243439
214277
365072
248163
183648
339381
164301
298184
177583
84684
195964
5230
148829
306473
65366
112515
40364
144742
390313
90869
395103
1721
357054
26834
202192
114191
367704
130940
61278
237716
251318
384086
269028
292818
492699
61823
26687
56367
312569
84035
322575
369111
19869
247408
97408
112330
243454
393175
30124
288423
25540
144542
465436
418979
21143
453693
108331
417096
77229
76816
93178
494162
313752
63966
163261
183500
469734
52549
78661
65218
296063
9358
363640
314291
97963
240173
171898
40972
27546
130241
60490
368311
122343
348832
145403
480401
41280
429962
111025
34337
192897
463948
121461
119245
367051
464281
374892
320747
160894
138660
35263
153454
435296
329625
192174
93597
449590
281507
364180
420205
203989
20195
13637
140579
152452
297048
439343
123019
339980
219720
390887
145600
16596
466885
58202
414692
329219
275749
13801
200464
28023
52864
247509
220596
350241
140539
353535
39394
17801
44348
100146
246242
121444
400104
322688
62124
118594
527053
385463
379780
172106
180571
86014
730
66746
197755
331397
47425
56575
245529
208613
219149
70857
241143
232388
160010
212095
414657
324332
295339
247345
71050
221956
454627
341259
169372
169411
207887
340485
306476
143106
411386
64754
125367
458902
245813
190877
201257
499705
181223
483321
216061
243189
37669
109165
172593
268256
65364
9788
452671
124950
102463
477933
101452
124602
314864
181130
204056
185635
208572
302309
253438
523750
459087
259862
276308
273495
440419
64101
113899
461070
169613
403560
265003
261910
417517
318392
294170
178033
352314
271728
250386
399557
140841
67658
50004
133602
171035
349425
28858
107316
86392
145367
304628
38487
227089
308680
158571
76421
141679
273310
177326
218778
289479
214663
239431
59871
216466
218338
243074
46647
495944
67429
503315
204883
242262
447542
211388
176627
295079
220067
41567
266926
315572
420894
349070
218699
218867
52267
52261
329370
52324
90391
279481
218055
52319
272848
270402
218858
225651
373712
489085
456326
4591
112327
134464
31143
474700
513850
353773
192364
396575
2743
508541
416420
366816
394244
391951
394230
398897
406853
456573
456947
283826
138269
536383
426794
385691
497255
265070
247354
217488
497404
497518
495700
96700
255122
497429
424946
215806
307760
28017
213137
252370
10988
127747
263922
66840
318911
66311
435914
319501
397561
293980
49056
89829
42859
165562
421589
511766
225506
138729
76865
98774
265999
83708
283111
163657
516208
479811
119843
300369
166323
347955
83570
109146
506549
133912
97486
73590
225691
523532
274130
98426
431703
112414
115140
134046
109211
212639
98874
119859
91989
310771
59761
258345
424558
53842
82336
239672
278650
109343
352939
125291
277086
179803
37530
206570
245303
181076
87679
324991
55495
206695
32110
205319
192246
208437
33480
85093
102110
256210
87088
262668
108769
507597
352162
133849
777
67960
277846
101600
113203
286376
95660
140351
93056
102347
262530
125883
380388
209995
153880
42870
152837
102365
480122
8504
173410
117508
231028
404109
460318
267342
19394
343519
114666
391170
290725
470048
152751
241972
14856
331675
235408
114228
275937
224695
283644
287982
514423
407163
283720
161442
2747
15990
494849
204919
147314
34417
112379
505640
348284
266522
69742
204212
92633
234662
232582
60002
95508
221975
298040
222113
41853
285092
383890
73295
92008
438562
159458
500578
184948
404444
198944
103967
348812
100243
50412
305078
465120
362319
341776
182718
141185
239203
168780
12376
345579
34197
57062
418347
420633
173967
18958
161932
339107
386553
17021
171271
172559
198081
79309
52732
49332
343768
302782
336104
431539
99977
189492
196169
277046
21655
77909
376403
89467
198021
324608
316344
66856
358135
90522
504778
42416
52305
372664
89678
274743
78138
9209
237611
456671
170672
8026
115605
233295
379513
373694
527457
86469
303968
452877
480369
97964
35115
233188
87657
485200
382437
350792
38582
162785
505837
451866
415958
50398
235769
457251
143807
224578
66375
295099
337526
69333
310262
135800
135828
41117
200563
106846
361625
263466
169021
356794
280722
15844
404066
337112
198978
135451
128109
74183
89074
34927
276931
363925
456409
29617
64025
14029
151307
392305
397978
128464
41356
129376
429040
339174
151430
379586
117787
238304
194788
31041
140440
148935
398838
323119
166197
20819
130408
206312
291942
490644
481076
4543
66077
510334
494037
252762
511772
95967
148549
47975
49163
318211
289437
357851
265737
122828
60541
410265
13217
154514
311960
408932
184479
239141
104098
483799
48886
169674
291036
178860
140316
177866
175058
137847
54618
26911
120624
191134
93000
362825
496755
211850
34382
127912
154311
74982
442738
270885
205167
100604
74230
83391
483248
215483
458476
37347
140532
360267
162656
376096
54779
200385
235280
182567
217989
133372
355104
454997
25190
55410
77173
60119
28471
63499
55946
37559
31845
45609
295967
5240
168340
145201
12158
368775
243237
359405
153467
346844
293107
195586
106582
30742
463035
487183
24802
240080
368288
382911
169410
392636
59823
478850
442917
42541
395900
167737
441422
447807
327461
163475
267639
447390
281223
290876
341177
129139
129580
135848
44016
236367
67470
205413
379675
81914
482205
24335
316708
188907
169360
172264
72363
135286
246607
24597
137166
26123
88650
369927
408682
34974
171463
180605
93421
124301
182143
169582
206462
54081
271308
462381
271059
172057
25996
320698
17030
93226
309355
231112
283997
181422
446473
379739
314979
261072
215321
197960
187688
393858
140611
392444
310434
194427
309530
139186
105199
106488
181985
12698
439039
411650
202537
456857
327788
226816
148484
98903
172709
104248
37713
408419
320297
231792
366225
247222
316152
323310
110150
307194
129944
355522
275594
242195
259900
231993
424963
21186
468894
241050
141870
19087
379982
169052
132202
237994
113061
41515
322574
147986
364488
265266
367006
238207
315937
314516
269767
29639
365573
170147
425827
33652
232455
319215
296238
36202
156354
85553
393236
446429
379526
14525
336749
340466
153222
439978
168768
208540
448099
111608
244835
360817
379841
26365
329096
337723
52180
105996
7573
119171
22420
82859
70390
86467
375085
391858
274476
191320
167523
335883
195040
23894
370840
294102
170856
365770
133353
200551
126014
265614
132995
3034
3095
119923
159366
427396
85615
59553
108177
256812
42747
58934
49177
347211
232740
133797
158203
164726
443591
216321
181775
92910
210218
345227
140961
301966
158767
102282
435803
112160
139636
27654
285053
44058
157967
230383
284695
366214
253872
341294
384103
336115
447233
518365
228900
43685
85021
274730
266554
290220
57109
396103
26222
275792
365718
99963
290458
21315
243461
17736
130964
355695
400672
210849
281509
302010
315940
176382
367396
439639
391172
294844
108417
371703
174267
260202
261427
439641
406639
320250
444678
217799
182390
54725
250733
230680
382830
382789
241515
182963
413230
259150
23083
175910
506754
505180
139513
215267
129456
98158
133111
41595
61543
113560
16811
212897
57730
65591
147997
136145
136964
505592
505602
308919
134947
298536
424002
353086
267411
306761
87876
477594
113748
53050
374070
288829
313431
464567
363283
266126
328830
234297
53365
131047
180773
217422
216279
386638
145242
43126
179019
162239
166804
292225
43987
53262
115240
264766
258084
439092
163211
72129
326287
207270
300452
86042
443623
180624
115834
256153
216210
473082
56331
467556
139322
391788
75735
149018
21063
174789
65248
133753
401649
104647
349705
466479
421692
185310
296501
208292
32993
455079
221448
150629
517580
213476
209806
161452
250097
84568
118870
376376
428884
198930
170705
347640
283799
180160
135134
167448
267471
322770
17868
402081
417565
48186
114857
369862
128352
274580
181677
493709
175068
314005
244129
129452
175450
104836
142746
344603
146601
100007
282387
41636
464939
319810
205654
127223
113882
53706
98745
168184
391426
118769
189627
247629
212690
220491
236245
39475
258481
51537
188598
18103
75833
411972
65776
482874
19298
108883
175672
11704
485262
398255
491187
97286
236218
139914
290471
179528
310164
135691
59936
54092
263549
294687
370667
11392
30421
30692
25515
93260
372095
127579
355059
11121
192394
314968
495923
239415
317804
149649
275467
69247
67046
196706
196975
60413
68924
241111
139142
248267
171377
90904
149526
454167
71713
473085
372829
26349
938
310817
92951
271807
202443
274344
146954
92598
198327
478125
370421
295606
36534
356830
470749
463411
388557
425585
359142
379967
395414
350135
360140
459860
275966
86778
144899
114945
384967
171970
310190
81729
30806
31512
124349
100710
201765
343803
15787
197334
181913
227817
33892
232928
83162
312346
136609
413791
91311
230662
148305
403612
453332
70448
36700
482945
192191
165581
349545
444839
112287
189840
40109
435890
336078
73041
161850
164864
213211
209451
33876
221023
223030
241181
437709
160012
42270
42246
105830
296943
101540
195437
258164
174372
193342
237395
26331
152609
72078
421628
176083
486856
456720
418442
134496
150265
362147
56567
170606
179241
115109
104046
39532
157021
376203
35837
367782
136909
179227
440765
499776
440852
87595
190074
15175
423399
111044
114484
234763
50244
139806
235292
170665
64308
427328
66030
123625
348009
277028
302832
392065
150820
60558
187515
102218
135834
416445
342260
489354
212955
77532
33503
70970
27741
71356
299300
119419
9933
470634
473466
96160
117284
122991
104233
98075
388353
315368
181835
204957
191886
104565
155260
93956
306396
321803
315165
167662
234494
228797
207864
116913
15262
271016
79228
252476
464050
312143
128606
147865
37193
173712
350968
351063
335661
52892
326329
414531
193799
228944
321401
359131
65703
65702
146795
485657
493492
160823
283381
304165
317522
526499
499470
188814
517843
17568
32826
39496
76429
234700
28343
419582
29020
34610
291480
426003
45354
200840
72841
26858
151107
194993
350008
269847
56148
338317
182916
28450
304221
13130
362161
458150
108343
26210
91558
43700
19255
421892
38806
287548
204666
212126
38912
341817
506531
301148
20359
73174
266199
360091
61810
339996
339704
70176
150604
85022
107418
177773
40998
158385
149682
285551
390857
43501
3616
327985
71438
40308
312155
127535
385572
183819
232028
429740
233430
94003
2929
187224
134781
25011
444940
198560
77084
157670
2789
23900
105385
256811
125004
119411
190145
303023
36004
162661
147251
193272
215089
166847
515035
4116
170344
17417
118827
512731
152733
370865
73473
198182
45498
129246
474109
197887
38337
118653
126165
317297
520443
473467
103602
14958
20362
100993
161500
71486
444429
360823
380730
2903
257337
209673
49182
58855
36825
190879
276889
240036
75431
48253
61500
131739
92893
162589
92848
160751
172066
267247
10721
37016
99062
224718
58856
240904
293974
446852
381269
12645
258945
204042
95918
6868
402812
37843
38610
41238
262074
213183
52035
139752
455578
277722
103609
198340
149026
99618
250702
131731
322588
181639
72018
10664
285990
191162
309970
265812
246321
198017
276365
472365
102371
277395
78696
387934
38566
362269
148778
170296
178274
157524
341633
123914
141656
200582
112970
499695
84931
338400
502461
47911
356059
371698
142376
18255
232397
130118
77009
404343
107440
253592
253008
393035
93951
43162
31423
135151
349306
286540
51633
153301
297754
111988
178526
39746
183811
48178
102476
129150
27677
11476
206184
483843
317357
107546
193144
499962
37825
207082
423719
181822
161631
376610
67679
460540
72336
509151
96302
19970
167756
276345
482708
159670
116565
333238
85349
140368
412182
14305
23604
230902
23668
502796
381850
237620
8915
24973
342025
520341
272623
186328
107283
103213
388089
197709
474176
122174
226105
337326
503182
144565
39903
385159
127953
202806
429773
365895
488193
439011
109187
216200
182579
198138
388186
177125
344342
200264
135974
421198
349505
221487
42568
226066
29897
283565
456127
119888
275967
493102
432139
179585
327080
220412
196855
462033
385532
369790
165383
341000
455570
207975
325136
262021
161878
455715
277726
309958
514967
378963
482831
238449
104134
298592
516527
431352
93187
169835
50955
78609
251069
291042
468938
168388
151183
260253
163688
6829
274118
318219
383049
164457
223978
75348
246177
91561
195639
76314
168140
197820
255037
53635
101424
496093
39057
294415
222229
330590
175798
328900
448932
135052
82569
223541
319721
281116
168985
329242
165618
306160
36352
31292
56558
393757
441106
63064
259646
427536
99793
223734
289736
381491
503933
478574
44833
241523
122893
160118
319506
127562
188646
139403
85861
140312
175774
493777
25791
64833
292983
164535
23253
33688
16383
79031
455081
527456
143237
75406
7536
24609
246297
216167
85985
84560
376807
99339
92191
187281
369854
143103
11035
172411
255996
107801
222375
113651
264735
176466
228537
197941
153816
208758
283640
471630
109492
57340
300186
221279
219689
239229
163596
107834
181910
143010
110837
367047
294054
286635
76952
297025
146908
138018
118014
182839
338497
393412
183808
504866
22549
102410
124437
104276
241036
338499
295259
484740
120669
280192
144778
173979
385475
193970
385427
22838
209559
254131
96703
94730
296645
138486
365017
179178
415960
182695
477118
253035
175162
163372
12133
343544
110326
191915
125918
156379
157200
385878
189084
248947
66761
33447
107566
235845
260099
74475
479169
171345
75909
427407
436009
37916
287458
328575
356680
219246
90257
195559
421647
179087
54682
149559
198469
363391
38609
121033
336891
152223
279029
295964
346086
218998
162671
133485
70619
54487
350787
41878
201303
177345
195770
189937
158502
102064
178999
317148
334309
106805
309639
123618
447104
161466
416836
36141
55037
148671
15778
414405
157902
403606
95929
39088
3916
210107
120847
290111
67550
287632
202985
23322
79148
86822
63262
32811
249639
308410
160040
289829
368923
147355
281903
396857
221634
424318
37711
325695
209062
415249
163192
255749
409780
65884
320157
15431
250470
456863
281640
34208
104635
1999
173236
187276
76623
289096
167406
335227
118906
324179
125073
458484
390606
110464
458011
42122
438895
338905
280308
72884
467128
428882
291381
482492
251574
35499
446938
401017
168457
201129
406973
28407
220245
287161
249989
207746
439634
198562
299430
499117
48661
183510
218306
344340
290208
146286
27664
248523
114750
370599
507497
38272
342261
345124
77887
160780
444807
15489
51133
274602
221241
53663
273311
434855
428728
73235
57664
449301
291493
156003
153766
123411
84491
516617
107235
267545
337850
503394
166346
111042
319807
320135
290536
476734
71793
120113
238581
355334
410091
301974
303227
103047
67926
389499
379928
502009
138082
93674
311971
340736
141183
246601
42840
515587
43249
133536
221865
389402
134979
264234
312371
407478
139987
109070
449777
60238
320560
428611
495674
50707
207024
423136
429245
321079
250721
282050
513064
233671
217447
63450
349612
117802
51039
495905
470852
367572
375529
22805
108161
104493
269312
227759
232951
474709
433475
480927
85351
125625
457741
506896
196880
342066
67091
200178
375553
186166
402220
370814
22745
281120
33132
264725
52015
155631
183181
37498
43355
151060
319536
329529
129629
59931
342383
119020
382131
99711
90656
192646
385479
88685
284138
14112
116881
355798
4114
134588
60634
201507
225258
181935
304086
126386
307875
321046
312188
242532
341431
257331
122745
121298
349908
172044
259644
301379
204832
11616
142607
188648
339840
254335
242503
363630
205960
169108
136131
100077
421569
224546
365405
278234
9091
502985
295758
452112
465224
85129
147499
195086
133678
294799
170079
317193
421023
139559
79471
103747
35423
329904
475885
474990
410950
227003
367617
369728
323836
187699
278002
203861
16388
346970
378110
169266
112635
259299
16051
406087
185801
307686
187284
138707
449078
101403
189631
358497
151804
181144
163277
204513
135070
189248
347038
216557
321625
71455
314607
370294
409509
20541
500615
170378
456055
189610
456385
365349
305909
317588
472525
424005
324500
501937
65244
284423
22444
113388
303078
364859
421209
119045
295499
258131
172935
359175
351744
309545
202871
395821
396249
165614
102737
281981
68192
29816
101090
49735
358277
95663
104500
95106
514944
90463
54162
296307
36788
219492
110692
79567
191502
35635
325992
304326
244681
108306
75000
442311
158838
188021
55206
7974
159384
16521
359132
469384
425238
471656
433375
302933
135515
446854
19823
130853
102053
172988
157830
176364
75378
136149
311041
42100
486667
184881
52372
51128
92342
23629
413211
260104
144660
278938
386841
256328
254724
165709
276644
85828
55334
471967
501779
482373
16386
35345
177616
125548
81718
82759
497251
486214
88670
36514
204981
261240
247672
421635
59134
123867
26764
56729
88833
143647
123813
138992
230752
267898
91195
395881
22917
62373
454854
431874
341417
483347
87254
230444
458091
515142
370160
441229
4336
178087
233608
68753
40735
82563
19675
12155
80842
100985
168417
112428
76517
381774
272688
327833
137267
202996
10594
68892
409356
175853
496530
402587
7872
171362
26607
213861
288096
40238
37479
286358
441717
424380
365923
268288
201068
344877
404353
27315
259512
299066
29518
504588
86904
15204
266652
114423
95345
30339
356683
438887
374296
132429
355865
300424
130023
114281
87823
30933
4414
294371
532730
475906
72329
51568
73049
143583
360698
290476
495970
166788
264818
73853
101583
347184
31980
63288
347308
483271
11773
58451
75679
349232
191308
44736
208009
348456
159314
53089
361806
166874
141967
42512
243471
67202
257314
115313
120070
166003
199130
72347
104971
410003
270375
175095
287034
99122
426458
228839
113614
257429
152424
50501
109516
123966
95365
58656
396126
16603
478601
302849
385450
271907
107064
266925
383967
308489
405441
340449
323824
472117
10320
90867
446850
40247
312909
106633
340106
113656
245031
138675
404278
15429
133722
69932
133361
40772
353371
127989
306887
514445
334221
22076
140053
46227
142989
466606
1033
444935
9298
360737
261132
205656
298867
466577
154883
335459
119192
35620
45603
30316
370139
102190
164611
3450
217108
338101
212626
335689
194908
308852
210576
211821
37151
64612
451657
379649
235777
314052
427305
318668
47845
483961
130078
514975
321492
136923
90137
306317
35153
137797
138723
91823
85587
115330
116925
174045
1967
224043
40811
82940
175896
434778
335476
351659
81570
63779
12350
352769
69008
29018
75949
261812
31504
173725
417079
382325
144658
198149
157414
425489
311210
111561
156657
313109
158050
209313
411291
37647
156420
57875
178483
316071
262788
47150
154020
33703
137994
174178
11184
12213
216387
152784
128454
22720
38167
196450
303234
228335
294342
137678
505956
79883
23402
33551
220200
168581
522945
16490
391802
10203
130535
274524
407838
313439
334261
360007
45343
243678
205322
155409
110144
476484
18959
424859
195587
276550
145486
438353
26698
299726
343456
231334
483374
238685
140258
330538
251866
253527
367889
117153
268494
95039
288165
39231
285146
69203
490318
310710
151029
151176
414641
92451
140897
165159
7408
64100
248500
88435
98097
25113
197872
425712
213315
223943
173676
281211
112774
365890
215356
458891
53049
423402
57384
58132
224312
482290
502888
9872
328885
312018
468667
109775
152370
151507
198890
398313
2066
68057
192173
76669
203126
310053
108166
90650
295365
237843
268073
237408
529300
90566
160907
435881
112917
303958
311888
481878
239205
51396
442664
108677
243562
12944
250157
31040
293391
192289
11146
174323
126337
414465
121090
94119
122219
90877
29450
152750
72725
190765
359677
369614
59604
115343
219962
467924
88478
128873
31526
384019
339209
217123
133594
11884
185661
364478
31158
309401
216507
69592
126500
222264
376245
117554
125787
12365
244985
245816
94228
343591
426877
17560
309543
180874
345047
192454
47743
212285
297669
29679
205124
108275
281092
222945
73700
275234
154527
28542
415293
65507
312509
162012
341521
95606
326599
283512
157640
387876
450027
170794
356870
499963
154304
109540
466084
227734
164780
67063
244626
254523
504645
111247
12273
466455
72934
144670
195501
206663
104360
14670
25204
299177
477512
121755
230524
53218
179854
174718
272409
108837
62282
12732
493322
72894
428920
309858
34611
35367
332195
63051
184726
278982
345349
69283
387719
65637
48827
125772
125766
209323
447217
208147
497381
364865
184746
186351
361380
274042
235451
44489
155893
112043
128930
321101
334445
376086
140570
191839
308513
96775
399814
25238
249702
37093
311643
112088
478374
410827
187302
64588
261681
43641
10756
3696
156999
252594
41780
164384
394954
168382
503116
363269
178742
366633
366336
165916
61267
450467
498878
136348
67329
321248
216653
367291
457013
185261
347938
197845
290319
338839
352373
190797
132757
191456
178497
123706
202397
204876
154813
107225
515122
333333
476425
74968
32966
269861
264447
216019
487032
205255
373304
206731
425834
10528
316587
378576
137257
110624
357852
217315
112681
344140
249961
96092
243689
85994
100219
286045
415637
166202
6592
195791
198745
340675
105453
68159
502881
210046
457665
238557
417809
138860
147638
374125
167475
427157
406672
128806
9771
276677
68990
127671
416897
261758
215212
196846
258205
391106
505679
266969
337258
349101
365510
61129
64092
189091
283763
364367
246541
474394
259301
183462
119123
202931
228447
226991
152819
407832
208315
34634
155833
124238
145287
146517
415216
204266
148235
255132
234400
28416
261686
102043
287888
237601
110529
193391
72625
110512
85350
66101
376908
60019
355067
238352
241472
336427
265685
184912
98439
461193
37089
318310
257258
349956
125197
330247
287962
46868
131344
281242
67952
336765
16942
457682
387526
138674
77761
18584
22074
276662
304055
284530
109240
25394
257644
208135
210037
396389
106708
109789
456287
64778
192952
374887
315990
242863
151524
243642
72759
369772
210768
199695
82731
184626
209735
414334
376698
92697
254825
46406
317495
115203
139989
152599
80204
111910
467124
114210
95055
517416
164592
310258
334072
41826
216747
64676
208020
29328
66488
457010
247832
155423
514039
51980
144998
120978
423967
503911
450000
469848
103889
364325
434359
25067
175283
86314
185104
265189
427327
113817
121483
293559
351635
145624
167329
344243
12707
297711
221557
63030
294497
17572
93527
281620
68698
335364
65362
172283
307541
146917
294367
37070
350861
65576
260106
362354
98399
144736
155395
275440
283
233194
251470
138189
461206
190273
120556
453294
162055
123268
351273
220176
500249
200455
194274
1079
259562
208867
277333
456476
115913
123139
48139
238849
159530
32560
57679
15521
15827
93719
400213
14566
35990
75787
345728
57666
221291
196136
51044
397749
186504
229365
181469
124233
306589
361680
249337
75392
102002
428119
446804
273627
321254
9050
242065
413104
109385
142762
161004
380399
91007
274218
222971
127142
190618
9874
19355
8530
173044
159772
106314
237959
165191
145615
238274
18311
90270
359511
360484
494667
14911
515017
286339
316558
249359
117354
142203
112185
152508
15454
41706
285676
249867
56956
241784
241228
193597
208356
68254
25591
70335
65219
308562
369786
101410
123004
293265
328756
74553
248251
144762
203826
449831
470866
317026
15866
60866
239114
485847
458172
67529
78224
287492
80762
444307
75639
63147
215116
277241
181800
175664
226050
501334
74036
113234
412931
14433
29673
132305
97556
113364
174171
332706
61618
367040
22601
23721
37331
88634
150083
146374
59905
181423
64927
84722
125999
242154
117677
230855
456655
93640
354535
128594
426341
476670
331331
25369
16916
176634
408293
157364
75312
337186
113186
388664
121011
53377
195858
223743
211150
307607
482415
328166
44842
13932
269291
97737
311170
266095
152000
54846
318037
154790
130148
466236
51489
207519
377062
22229
344791
162409
335076
139950
140140
418616
323077
143191
281765
16682
75768
106647
17176
470960
173640
287238
113978
16982
205210
204079
234715
151585
351158
344292
113979
358733
137437
107499
168845
51157
274250
462533
48525
105299
81087
444435
362435
243435
404341
345493
348305
84728
350432
183115
287045
14865
188921
245217
107598
97661
496193
350760
312058
70339
21293
12975
44292
150527
444768
282618
218174
118204
462490
292163
214876
497981
88057
149043
493883
410657
106193
230910
31322
67223
29233
65450
311675
312368
13845
276039
11580
158901
114878
329914
156994
236734
157698
11824
329218
16792
222478
323875
329740
191265
115110
112900
17046
23931
396191
159473
70076
302431
265029
141230
375279
127964
319450
295838
99116
250996
345599
53223
113456
179646
130099
86941
465881
137732
78219
495638
454971
291437
187102
207149
173260
121450
423534
100366
66236
82820
298984
242882
55317
3889
153110
35238
172418
326788
161633
65038
238069
502734
83744
187991
169823
103506
47483
126096
162011
280276
425506
217607
402108
72584
22036
56955
139166
85085
174272
22670
225559
495577
164617
435409
232764
266060
196985
483576
117814
123085
367708
404469
338311
432477
17733
272746
108489
232573
275982
487375
116717
249560
235696
56518
386096
170310
420055
428928
482385
93428
293752
97724
112329
172794
427373
393375
158394
321751
207084
148906
90638
265560
127547
153049
289828
301401
291776
68108
381050
237806
504868
126470
86954
236595
114443
194192
64097
208398
85038
407739
133368
232105
238330
265281
242016
110656
240935
437520
241258
201984
374083
459158
463076
41869
390915
163190
341021
373501
249168
91587
56598
317925
283977
302750
476768
52509
324267
237249
103073
81325
165927
115955
288811
59278
179148
201623
129119
341075
290887
347060
350200
193165
393077
291337
86356
320182
68056
165947
42448
222273
193125
136199
515126
443570
427474
112828
378684
181739
100781
69914
326639
59127
397453
313991
93506
144256
166609
183654
237030
419691
274388
168773
302853
332572
372432
19279
240778
193651
271263
141437
496612
369273
496517
514516
389614
452445
415967
402671
495972
330488
363988
497316
319317
98656
16585
169159
124045
84601
67100
152590
334805
421717
90682
230288
392906
8806
177812
405741
4832
5067
11554
407341
223706
27900
356651
80276
184802
320281
351116
134215
262676
26979
232794
150906
249549
102399
505284
388392
335659
343125
431710
70421
87542
87361
315873
104784
449640
57588
374366
262592
125092
394217
102604
79492
399786
31973
117956
291971
513769
253773
493882
474128
510915
358997
259084
221028
397514
284676
161907
521250
109833
127870
127797
367258
343670
446644
381076
136111
474802
364710
321032
155474
456082
120964
431596
246519
102491
110363
392541
69046
136261
408802
215044
37277
384156
416211
197132
283359
39056
195629
531438
197929
92134
292864
378718
151615
40742
108045
107222
206343
27438
30982
395530
86159
506588
124506
40831
181923
224618
63440
20103
439946
496400
314447
509997
110378
261892
34359
55960
495699
292448
123180
272564
163387
367151
300153
169206
14862
298689
188124
335087
157349
136088
342934
488544
65805
72929
241903
311034
119076
331856
7913
179548
85766
244848
311551
97080
305428
355277
110513
232258
143057
131330
69163
411521
188513
10145
5452
17215
20691
34604
33690
402738
10370
315168
122785
24666
66930
43029
62936
373716
358278
178829
483691
423901
57805
108220
22875
248370
111617
159596
116875
74606
218368
407581
114068
284405
388950
6817
134363
66996
116999
57662
458411
188340
184212
188497
235326
84726
269080
207585
327419
77062
181934
11025
235469
218475
80697
99752
224241
58166
68500
455998
291587
250163
168049
27957
83945
433294
326379
287282
310625
124219
338632
329931
157262
136322
25265
193161
38626
274543
239813
391044
337154
339829
74427
91201
255068
70808
132971
121412
177092
44015
66354
45713
52731
105969
202019
132470
48113
250711
41617
386872
51795
67190
493512
277852
60160
56781
271738
372207
224200
155008
345208
447393
180634
247680
59272
138424
67206
62070
207353
7915
379946
53451
409711
166776
160180
53500
162604
115759
228618
42393
69466
280134
193639
174815
86124
400
214897
307667
214388
482451
308090
138610
295783
141651
376431
26017
369980
291060
369756
233171
280
132705
187525
371171
219690
367413
370172
233103
57737
272255
370753
159523
103134
209700
229351
252261
90380
86710
194058
257563
111565
153214
11756
275014
83158
447853
188007
289456
451305
264754
69650
250467
285575
328632
170924
218528
276475
463832
144034
68070
106472
270068
331131
320422
396071
213333
48284
20975
43753
464800
125355
438987
27331
150374
233592
385462
183297
155753
43945
414079
336593
464282
175117
220302
67070
10003
92158
11487
296475
476039
241112
390878
29476
112555
295100
433226
41641
261330
21572
285143
132736
210130
30202
112858
302147
394282
221665
329686
173683
195661
365872
174808
490153
28433
257787
176513
235978
101224
309468
392707
352985
71841
144505
294820
74647
40810
212474
391286
156305
207786
503217
12852
156851
224947
108380
455217
11189
174480
97287
164675
273638
49760
152030
88259
230318
338721
21091
119416
465005
42653
502880
49414
41744
375913
437664
365660
86065
86653
138453
351016
184040
103745
360960
47620
158944
173863
171304
91008
263874
154123
392940
23243
215067
46713
337521
38248
83395
367325
19310
305522
233099
251903
263652
232819
117883
208071
457982
51478
146662
16601
506966
15657
8546
366954
90230
176342
227049
64716
456656
110043
347466
334913
19305
463321
321504
52945
104149
119957
158299
461289
31108
202523
427154
204852
3479
502140
442380
81455
206636
146392
294314
110233
24553
1136
60089
240584
17153
84263
152813
306100
183018
57101
334026
92798
242461
48723
72311
462876
476802
516847
489995
481913
70133
447882
359462
225680
367750
239913
118586
305036
22922
215534
248852
209103
126062
115921
216431
392079
507342
346243
391283
396433
514973
247808
352489
117616
116202
161827
356646
188319
334556
269760
270852
338199
51159
215741
256066
226010
332787
314229
250495
241937
263573
283252
44755
384326
206042
43642
227725
102899
382435
337836
135676
98935
57389
314178
204383
170210
205353
77996
164632
31755
110936
391941
486771
61633
31311
137104
535958
248027
110642
14701
337178
9517
449070
60197
50225
221277
25610
116034
154544
388125
50304
178837
455886
71437
1148
408048
460276
122507
321643
121957
360642
173205
453544
121935
130676
478247
147614
384268
121466
60744
52603
182281
126679
226167
95757
457446
420616
521787
456692
174647
56548
122656
458111
164124
30720
10525
179051
375996
431162
95043
31810
130223
130389
113179
196023
95143
170758
13023
507490
202782
235283
130948
72900
264821
310597
253414
101605
224176
7229
66913
198448
4944
71665
224801
30270
114808
279442
147446
186874
499487
108868
185876
318316
222614
328111
108433
227092
344572
43396
42111
39914
26899
454970
301020
448460
268000
359453
188801
282533
89088
139906
136777
295679
307896
117416
339679
7065
161779
144556
114820
275256
33914
466453
349716
124413
28620
153046
50358
15420
173046
284678
345128
178599
262233
133941
188577
481768
51773
181598
161059
332092
167472
73882
113960
470491
330432
234176
169142
242389
1825
223744
283193
479060
132565
169942
137830
494574
106219
458022
38437
74045
424017
126658
362739
383154
325145
24772
249368
260283
116548
29079
227055
309495
30944
24302
324208
188120
42382
217074
370489
159923
75895
217737
41338
233831
345135
149032
332871
61878
125687
134913
378056
476026
193851
178684
69019
252055
57774
262332
133362
128816
99400
26242
103666
86517
64875
214415
17302
473612
318979
162142
423979
294938
202584
308940
379135
74050
284635
422149
206176
141102
194505
258397
200860
342109
338231
184288
402896
191362
507321
279588
284412
358250
167712
306946
355130
373812
484193
137635
194054
290681
154839
358099
98808
200288
200773
201304
113019
245576
269797
297269
255680
433406
13201
152841
327984
239292
308769
437729
280397
237072
253421
264899
8040
59924
127998
309008
79371
58621
13763
420818
420862
84183
223492
345094
71875
203819
137925
372358
15791
137046
504660
424468
197137
135097
235170
284620
175652
230154
424471
424006
502789
125715
133445
186909
136933
22291
206641
207958
125114
496707
254689
265580
271419
197323
115301
174297
423576
515062
78953
436285
360193
351804
102260
107123
141999
65870
316389
11538
269567
21103
45454
146427
367544
201226
299774
182174
262511
104385
292914
286182
231446
364125
323258
333452
191782
221662
157043
93847
95626
66671
220122
188755
358604
211700
179191
466569
512463
290443
396548
43651
161373
237535
376736
28936
247340
365845
143172
456405
15918
161331
304276
347628
437554
301089
6621
185456
7855
197131
146090
283548
423748
27419
192043
439212
67556
139342
322505
296092
25226
271712
5154
243769
457801
135293
353617
16943
75776
22621
306013
328049
102959
88413
99406
125231
155213
82282
49284
408728
78303
456283
84588
458009
456685
217788
21096
101235
59252
360012
48234
425916
376427
51484
412150
266766
204597
341743
56318
455702
45016
74068
224699
228387
191448
220992
91205
380918
65960
364745
62743
360053
361439
21153
173783
210208
109442
10906
110882
482279
27695
59854
43482
238142
40603
19809
230525
165764
36025
112805
57761
349911
401098
114472
182534
251127
382783
267146
386277
107870
53583
225458
223755
33263
423474
211953
30161
465509
90985
215832
121393
124794
157893
351327
13043
215323
435240
13031
232765
232322
410794
223871
131934
326985
29723
29560
150371
12616
199247
515009
348796
407560
284458
115163
111522
180598
150881
396418
470188
366324
311577
38424
76297
288
384270
77326
505660
423997
353561
284
112652
234171
15584
30195
217234
152372
20972
117669
13698
466718
197850
145160
247918
121369
446617
220858
289303
265201
185026
221408
330185
111347
275591
173742
182008
387070
86171
379995
259626
319376
158493
212595
351293
371369
414424
247394
179007
256400
190465
188081
419188
197363
271647
144351
133436
154404
197303
31163
68756
148756
286006
458827
275905
179293
426809
443582
372743
298538
54588
408818
271803
398356
32094
95116
290403
128254
404104
199362
134714
134713
136928
37493
28131
31464
102655
80546
185893
16657
299837
492251
223010
275052
298243
88548
36710
262518
284475
79032
51549
62971
255914
437159
384619
398821
428749
386854
386664
408297
57425
94635
273976
433520
50984
287542
152688
61596
71669
313192
191825
389468
129863
486737
33417
439146
231044
464709
148178
55918
352346
415460
472370
271507
126223
394520
430085
89840
72801
99137
217913
45146
186280
39404
92176
238686
234440
322526
133512
373997
210331
44048
19952
189157
48624
64310
391184
128322
456744
4643
13092
528318
424174
210056
404969
26876
426948
68666
242650
125324
449103
357226
69358
108437
182864
123646
195481
122675
180221
236424
275521
263209
237039
13479
489139
116127
397658
39720
284663
178472
14604
149488
124119
163861
110640
276840
112081
285349
429811
248368
237022
410901
439517
185420
363300
272018
371150
136260
9120
264435
37542
134514
42405
277168
307018
23836
512123
10000
13054
37671
308909
358745
409501
263619
157486
333827
352868
319824
403809
305654
139980
460929
27379
70871
375749
305161
263044
259048
225775
131093
54916
155274
317931
299977
74392
229349
218039
357927
118095
363702
169119
369056
48589
238528
242193
409719
427059
287711
371251
310846
68184
381215
321028
371121
373326
74768
248857
369960
369649
197474
292529
282241
502770
13115
129875
379314
17164
180602
105246
453869
106440
288850
292385
243965
380152
264605
50104
189063
162647
97291
492286
280150
32797
30349
235818
92590
228043
16554
373743
120332
80514
301681
27832
469157
440381
352235
299045
437701
57411
257983
117311
17582
64851
263768
9810
71783
367734
83949
275082
175607
50005
224231
472369
232734
245848
409694
188893
83016
10619
178389
214457
111119
391602
280054
316023
68349
124422
272471
517873
36280
120644
52395
511312
111725
310561
113491
165749
108780
242843
157203
43644
144886
86755
206367
279858
248570
335617
398565
236670
130221
369457
514966
178856
220979
286683
153907
209471
358978
156108
339744
76041
86006
262124
255093
255465
203254
246791
314966
61753
153076
384370
148097
236660
440993
302751
45865
189460
397773
369581
296507
481124
357866
227511
523156
463030
99547
401428
92140
28273
251755
441792
367074
213112
200053
270866
307493
39419
22625
455783
78473
78461
78464
78462
307489
25468
361315
251660
104839
384900
37421
392486
99675
86172
389937
42902
359121
72735
177539
354538
423077
180669
35332
35766
171419
129163
97973
471360
270529
74275
473386
53613
363146
53551
101797
49658
137881
398088
237987
227923
136571
257369
122314
411063
437607
322399
190281
291860
29435
166521
42954
85120
162532
303397
193005
456781
503558
287761
2665
310012
81560
436227
383564
411770
506062
264828
243453
294331
201299
278890
121313
99603
47268
60146
236911
450482
264434
21095
223731
227041
472584
223790
263223
316370
171356
149484
149947
88081
412438
21733
321957
12792
111644
298364
251716
453539
332486
234479
382550
56059
205362
454756
41299
306041
268609
361600
173947
57445
169635
137286
123594
71101
71789
154528
221385
107106
208234
247413
177536
79428
152064
222025
216630
354370
262868
162917
355734
193703
289545
12588
259724
268031
82113
398768
143330
169863
37729
202551
286178
102744
367150
19758
456610
98280
441503
140333
220976
41195
38600
38606
38031
294893
209743
287088
366263
166466
269311
346792
31407
22237
95801
366754
26041
262302
55223
208287
397872
196573
213723
128009
16847
128461
37465
393195
223501
60432
124962
305008
164678
288351
13669
137407
425292
114918
42847
115403
201474
231560
117671
224255
128521
74079
148589
212395
128550
114375
8703
343688
131087
432972
404253
29795
364137
112785
389107
375401
307822
349444
83239
422552
441619
257077
151548
496953
410609
314423
102558
156454
361358
102610
84394
163937
97091
59592
174022
223324
62176
67893
67936
128430
131938
35162
260366
360631
178885
32461
62459
157816
244348
433978
143907
26656
376415
230255
469782
206594
278397
493840
207196
240310
220337
410213
277188
268647
196399
155444
424189
429604
116833
446735
112791
206317
327851
118177
105722
431594
252707
453067
104756
382793
106954
207919
261006
62489
70905
98336
106095
82918
118677
490113
278484
375323
483190
342516
265203
102269
276219
239427
223748
366112
269221
223130
130623
169719
246033
402819
18360
298815
440643
272879
387335
70906
353235
429577
172509
37144
143688
395814
186291
103276
264448
344425
444164
324883
55959
101837
125720
305740
305382
123588
131139
21301
152895
111645
179679
182064
180116
201524
160873
337194
10340
274038
149628
124419
334519
225210
29777
279861
80111
249174
182772
309638
173544
294406
167163
265630
511448
397831
364196
368972
440609
447112
212886
142079
409218
320362
465771
151777
122888
3380
267429
297870
448973
64474
71089
141832
257133
292474
195816
73669
358406
274964
106768
227679
84315
147835
103060
395544
37830
447758
134239
76352
332444
305971
99086
31062
347401
364355
438574
107120
380651
417940
85895
37273
301888
310735
271744
171844
346981
39507
309154
492751
176453
176452
101015
55641
95519
149905
127343
149901
267494
133747
128021
121770
52389
372125
86157
318540
292539
248670
187156
348187
188925
325590
187153
308104
130590
12136
251173
349486
316425
315865
443783
465938
484412
37317
22104
165656
471199
346750
341798
32805
363442
71910
173961
237853
432724
292644
56555
88089
66860
255371
378378
25547
19988
424028
205085
166172
197333
37499
280663
360272
168689
65839
62702
64221
100881
296231
147297
288512
456448
91418
132612
241935
159343
40272
96590
216712
60211
226314
22743
277668
152013
54854
216959
418511
143889
166229
437046
204990
127080
340418
64472
78005
401451
313896
135655
335413
391835
279567
181492
317943
242857
209914
152694
447889
330604
77615
153854
89543
260354
183404
17478
237623
238027
7667
199352
292219
230854
312691
45942
71208
94623
314115
282924
365547
242554
177425
355351
373642
2514
246706
32117
24583
160599
517517
304922
237131
196364
74853
149421
39492
32208
47916
310236
160911
294004
460683
131346
205192
148748
53401
38677
18217
58058
283151
273722
256177
318022
168153
106389
94880
505947
316035
292814
314708
35291
92776
232098
58857
144811
130433
95895
34300
210034
236585
13981
243181
70796
96041
319780
70711
341916
317480
52594
15236
9531
376373
435750
206574
181805
142858
313300
263415
385128
316637
18813
46445
258581
326105
363362
389291
54175
320622
152200
162411
18498
323828
238565
380479
181060
131160
74023
180833
181958
391279
147306
