23933
111875
101115
163238
16327
368320
280918
474258
370567
236346
11361
20238
471666
182904
136112
200419
525818
269156
155496
9518
345057
432077
309179
188325
309827
353136
205552
206557
183563
469645
154951
123691
97727
97699
19104
158962
31008
209434
82984
123513
465254
33954
249042
46982
141385
112795
180120
472363
228522
265513
411947
64793
47844
285649
12402
356333
246064
384137
327593
105924
368783
149171
171628
212967
260352
25405
218390
382671
173828
415825
455952
216326
341349
166376
382664
318492
299296
28385
471921
17393
163506
191700
90072
463825
506139
117830
221474
22347
112815
359513
342130
203642
16652
469188
13225
459976
238593
59939
41616
110342
87154
473803
67916
303491
44042
85492
209822
301962
413252
29077
11164
319699
219474
234646
173735
475298
61721
116152
413592
159899
89213
39642
74150
423683
1823
135634
357951
116737
123467
407150
178227
486091
388439
84191
166475
113285
303938
238159
392356
195550
468194
61155
60750
204837
79944
345195
351156
405042
113789
317713
394281
105670
238380
226768
187790
43756
401322
459115
23807
457213
248563
34187
449868
509019
492503
223551
434212
273183
102759
477110
18324
150765
133467
76067
359334
87650
295521
244062
124641
86691
74211
116813
452638
170280
482138
302885
319193
421368
374725
269917
389124
125928
365402
36283
371783
426023
179066
462758
219994
275526
317885
117477
248428
109267
358347
240260
144934
356257
472781
289570
32843
75366
354483
459
458
499127
36153
98800
201097
457400
365164
312638
145070
501816
65521
38959
281152
31540
102058
181885
251766
229028
178075
264786
333449
189930
467594
167444
205329
67240
399202
274637
253767
102185
30527
71902
23461
236495
169391
197335
55350
63453
14477
225400
468847
424475
11026
157615
444556
71933
230832
17273
252214
294693
281447
242192
136577
173201
236463
112460
24871
222254
196662
112374
86117
51715
131440
133480
117333
471057
94535
298871
27489
265237
393561
36165
34250
102778
175805
35400
286682
153754
465991
278581
216211
211013
276675
175197
198052
277466
29937
131470
358529
99895
9687
203474
17310
473415
13444
17305
217580
119345
119343
305021
73567
139567
363157
187092
264998
229268
151210
121108
28144
219596
97662
67852
266293
310883
146053
338900
105239
19071
155256
63860
278079
153721
482186
27964
164377
41806
185939
288918
423922
225738
336500
332873
268538
166565
322193
203390
117005
151766
269646
168562
133517
109418
23526
104424
258571
136578
137806
479752
124292
414864
350810
326739
202657
25863
350631
145953
199100
439069
529644
64252
161962
222374
457885
99759
448771
101848
206903
348815
363629
171095
49577
79700
151638
138834
352739
369461
438805
233146
88623
378226
291327
489
139338
332403
105855
182647
38132
276622
114105
53445
127015
474300
300451
220312
332971
108926
256370
163047
4326
49212
213643
340649
376684
22128
201142
37971
303427
84742
390373
12618
197244
114545
283105
242475
262218
162117
361375
259686
207186
503123
503848
291258
194171
155770
26651
465450
487569
298141
238879
135803
34909
19278
193951
44051
127144
103220
224573
264479
106627
402907
468219
186303
32043
410874
320400
351540
289534
179600
314627
154009
240889
233865
295903
300847
264214
266669
280239
343751
500196
287430
113968
101544
212617
54942
267527
197274
33404
535315
115153
488213
121423
116591
361125
108486
87160
153490
264481
144626
314726
433233
16441
355933
253820
106160
188396
206872
312581
254741
319548
445619
53385
165681
278421
1945
40555
80115
243913
365552
340398
283920
267933
325077
12484
270039
232511
361605
216628
122605
260065
45075
3802
104105
316247
378762
113619
91956
94498
130304
458166
246528
366193
253282
263153
507121
20513
515151
246323
122994
76370
260015
411704
358246
158310
44656
75349
20567
192687
242776
531520
312001
293859
269765
266826
115611
314214
225765
177618
33235
206089
26378
237370
153956
102187
477493
304967
35097
129902
19837
532391
408909
521081
89282
246882
96284
408370
111360
48782
291775
513440
35719
17625
154442
4382
132625
18299
448458
172751
454323
439763
12654
356582
513271
469221
171827
459764
201484
285345
224614
209258
20669
477632
168053
25981
225995
410072
279585
495480
31586
81679
308304
89923
466111
111591
248469
265674
110924
3798
173537
136862
2131
13487
210683
173234
374199
77607
69476
439095
189979
218677
273527
338256
33122
445018
341995
70223
234465
204382
123980
117827
95000
107117
395456
153788
95241
399466
15148
484123
320507
80816
114208
327906
260528
265779
12584
33326
86852
74628
32705
49249
118656
9399
168485
207474
299919
92103
468264
293178
184621
376779
17118
345804
338883
104429
339963
349859
449181
97606
359110
322614
273952
91304
96921
148293
386076
124176
132064
144356
30053
676
483851
28967
222892
288194
82819
20201
17860
163092
181346
50782
72035
514162
275872
180166
240436
335019
238050
240324
46100
423991
506847
280260
41704
14202
191161
134214
92174
337333
282140
196060
215634
25466
95798
32602
520238
431842
438250
459698
187055
145023
26714
162625
234258
366240
44368
67769
178683
318598
424287
447150
131196
339852
104894
288118
262038
423504
20545
89295
513009
170649
197633
459813
239810
412775
69868
455259
258913
358241
232353
337637
44596
15569
300801
252783
48669
199455
208028
201761
77994
158665
327052
84674
247913
295103
164479
280390
276411
24420
182629
244413
198470
422460
170294
194304
165327
40276
66451
506312
385865
209181
128343
452874
238399
527347
267255
365549
384738
311937
313602
305425
297222
117824
189726
12501
403646
157618
87479
12845
54153
427690
395780
185871
45939
4943
181274
149183
149448
37017
14961
54528
174239
509716
168240
44025
13441
458220
65854
493351
339582
116291
157654
319397
225660
150695
351571
379102
476690
211044
281673
107079
327297
484759
84836
498096
260051
190233
138877
440398
343085
342195
95682
270561
87522
52937
281361
413757
118237
199486
477652
418946
354371
196863
26927
313512
477282
353740
357601
12755
148378
126627
61259
115738
119019
277824
43672
9409
418373
74906
215080
158542
37727
114216
180355
276999
23320
378920
130687
202939
115987
121471
395659
505100
193916
286223
70042
275225
323360
332263
93917
426960
47372
94219
383527
248218
269352
197322
497918
123998
190525
287921
133138
452976
348410
362113
82697
422772
284347
361432
85628
312088
230639
382123
26997
30133
320787
380779
223348
200020
370461
283652
102201
349959
412117
380647
303752
340409
377138
329177
214691
396207
52563
265947
230792
356995
503199
408597
293816
35589
275036
109179
184443
88421
531160
147460
309425
420668
408958
377342
407068
180851
272735
208673
96815
15984
476024
477895
216223
303492
483610
415154
434067
52306
49709
45584
95763
96050
317618
287608
42978
216201
143729
349299
398032
22954
266656
305703
388920
221832
246216
289607
163704
385418
359793
458288
146316
33066
473913
172501
97832
441482
291901
189134
224238
391738
365711
60641
376962
63924
300884
392303
63536
13935
189655
226288
236520
181905
93900
156164
386491
27643
223397
443040
331049
121440
39857
502552
304426
57685
272132
117025
504246
274888
286977
31338
336417
63627
203362
65735
402670
489591
489590
326238
458007
528002
208896
118047
130638
400815
115068
179842
20126
298587
149395
150524
225171
162614
403492
153034
355825
371540
44115
190768
269911
252606
154079
134783
358752
346516
46818
321431
73328
464878
331853
35605
63527
96087
331470
307533
417709
237684
178779
230092
88515
172637
334473
225759
218780
457304
313542
251674
262538
117035
502733
375710
66543
317478
234217
50871
21454
466424
44190
335158
179311
316666
424891
83524
248154
220141
177389
224704
481466
313932
31977
340329
17173
156435
437421
130519
92660
358993
344478
415000
260960
270287
62317
465606
468097
36786
72355
501918
44808
125759
474646
88945
238729
516517
113225
151833
115793
57248
107445
165275
217845
4784
284110
68995
36154
6444
14222
346914
156882
11560
452703
406738
411734
438738
255748
61108
153126
424309
482648
216474
496425
15818
429094
44592
82272
317179
183232
482418
436255
208977
49019
5410
98550
175419
175491
261971
497505
294999
488617
461707
338326
263927
45235
118519
445211
325088
57810
488844
189533
50402
382219
230695
180800
115698
424498
536098
141893
340172
41863
381030
52275
128904
246128
1975
200519
256818
346640
439528
261175
452215
213658
111224
447847
307927
22376
73861
234811
160402
347435
123977
123213
16001
14590
141686
36601
133180
465190
267828
92418
273998
198155
61277
142565
23073
425317
148503
154641
92217
329632
281032
251641
337086
371505
380442
322647
239521
482185
19710
37373
257588
354681
384667
63737
218194
40564
197557
410346
64978
302096
240201
30863
127555
85842
161542
305328
165576
125826
301606
151266
178821
338958
187693
271307
330675
414938
98551
182479
431344
321279
522731
293708
483831
309236
462602
210083
194129
247751
112468
187029
392222
193308
256343
232611
208779
47651
398059
20609
168150
221080
59800
44079
104297
28603
12449
290945
391996
335671
177876
365847
381066
11776
319898
447306
95721
16062
480356
162931
53962
208328
69215
267791
270076
463903
241500
296745
371159
183290
820
134711
391515
263627
312290
156194
287290
120884
59888
203591
265314
197544
125648
202337
255613
140377
497311
50675
358439
15767
31566
125732
303255
74339
53911
110331
407601
242966
266352
53874
418525
33163
13526
71499
11846
336778
8570
50150
285219
206735
10083
89380
97106
225178
362573
482770
232248
157638
120538
14264
427195
288924
218617
225966
129971
237634
191997
196637
235420
295132
319295
235113
43049
87380
222752
382813
398819
516377
429187
46169
305376
55434
447963
303247
485821
187484
377695
67400
81763
323878
134934
108932
189314
430112
15411
201776
230689
169577
378287
206784
47063
140441
195594
172136
21371
208981
21508
148396
323547
74728
87416
64142
110700
333542
451093
112200
13854
461306
205229
463578
109150
262963
85776
29231
495604
41336
387296
171106
56671
397360
253754
419276
145944
459185
8255
72481
131426
124350
485397
358384
104441
495378
204632
460128
307071
317793
170083
394264
460718
228718
315151
445890
455178
149430
301472
324665
259161
141503
388740
129052
60149
305138
57481
121799
91668
265950
255660
288122
268528
214510
89007
73596
229826
244592
120825
367843
370482
307260
354979
326987
96886
262135
196065
455459
75538
191137
135318
235456
215984
434717
241922
188840
302025
23735
320598
428392
172247
149765
140854
49904
151346
56367
369111
453693
374892
435296
329625
192174
281507
143106
125367
483321
268256
9788
124950
102463
477933
124602
314864
253438
259862
461070
261910
271728
67658
266926
52324
90391
52319
272848
270402
218858
489085
456326
4591
353773
2743
416420
394244
398897
406853
255122
424946
397561
421589
511766
76865
98774
265999
283111
83570
109146
506549
133912
523532
115140
212639
98874
258345
109343
55495
208437
102110
262668
108769
507597
352162
101600
113203
262530
380388
173410
331675
161442
2747
15990
494849
204919
298040
285092
383890
92008
159458
184948
100243
12376
420633
49332
336104
189492
66856
358135
52305
505837
15844
135451
64025
397978
128464
238304
31041
140440
494037
252762
511772
483248
215483
182567
454997
77173
45609
295967
168340
153467
293107
382911
392636
478850
442917
42541
447807
135848
236367
67470
81914
246607
93421
93226
261072
187688
140611
310434
139186
181985
456857
104248
231792
366225
316152
323310
468894
241050
379982
169052
132202
113061
41515
322574
147986
364488
367006
315937
314516
33652
296238
379526
336749
439978
111608
244835
52180
105996
119171
22420
70390
86467
191320
335883
370840
126014
102282
435803
112160
336115
518365
228900
43685
85021
274730
396103
275792
355695
400672
302010
174267
260202
261427
439641
217799
182390
230680
506754
129456
41595
136145
306761
87876
288829
464567
180773
386638
43126
179019
292225
258084
439092
163211
72129
300452
86042
180624
256153
139322
401649
421692
161452
283799
167448
322770
17868
402081
48186
128352
181677
175450
282387
391426
118769
189627
220491
258481
51537
18103
411972
482874
236218
310164
30421
127579
317804
275467
60413
68924
171377
454167
295606
36534
470749
425585
395414
384967
33892
232928
413791
91311
148305
453332
36700
192191
435890
336078
73041
161850
33876
105830
152609
72078
421628
486856
418442
56567
170606
179241
39532
157021
35837
179227
440765
87595
190074
114484
234763
235292
64308
427328
66030
150820
60558
102218
33503
470634
191886
306396
207864
116913
351063
414531
228944
359131
65703
65702
283381
304165
526499
517843
17568
419582
34610
45354
200840
350008
28450
13130
362161
458150
108343
91558
43700
38806
287548
204666
212126
341817
506531
301148
20359
73174
266199
360091
339996
70176
85022
198017
276365
78696
362269
170296
157524
502461
47911
232397
77009
107440
393035
297754
178526
48178
11476
206184
483843
317357
37825
207082
460540
19970
276345
482708
230902
8915
474176
226105
503182
144565
202806
365895
439011
216200
421198
349505
221487
119888
275967
493102
196855
385532
277726
482831
298592
93187
468938
383049
75348
101424
294415
175798
135052
82569
63064
259646
427536
381491
44833
241523
127562
140312
164535
16383
79031
527456
7536
246297
376807
264735
228537
153816
283640
57340
221279
239229
183808
22549
94730
175162
191915
33447
479169
171345
37916
287458
198469
38609
152223
218998
317148
416836
15778
403606
210107
120847
23322
79148
249639
415249
281640
324179
458484
458011
338905
401017
201129
28407
220245
207746
198562
499117
48661
218306
344340
146286
27664
248523
507497
38272
444807
57664
123411
107235
267545
320135
290536
120113
238581
355334
103047
389499
502009
138082
93674
246601
42840
221865
389402
312371
449777
495674
50707
207024
349612
375529
269312
457741
67091
119020
90656
172044
85129
369728
346970
16051
406087
101403
151804
370294
305909
424005
303078
364859
421209
119045
295499
359175
351744
395821
90463
36788
219492
469384
135515
102053
75378
486667
413211
386841
256328
35345
125548
88670
59134
454854
458091
441229
100985
381774
171362
15204
349232
159314
115313
95365
478601
308489
405441
323824
90867
312909
113656
69932
40772
127989
306887
360737
30316
370139
217108
194908
211821
483961
35153
137797
138723
116925
174045
224043
40811
434778
351659
81570
75949
198149
156657
178483
262788
33703
137994
216387
196450
294342
522945
313439
476484
18959
195587
26698
299726
330538
251866
367889
39231
140897
64100
197872
458891
57384
224312
398313
2066
68057
192173
76669
529300
112917
442664
108677
31040
192289
11146
90877
59604
31158
309401
376245
12365
244985
94228
345047
212285
297669
162012
326599
157640
387876
227734
164780
67063
254523
504645
206663
104360
14670
53218
174718
62282
387719
48827
208147
364865
44489
155893
334445
140570
64588
261681
3696
156999
164384
178742
366336
61267
321248
216653
367291
457013
185261
290319
338839
352373
191456
154813
107225
476425
74968
32966
269861
264447
206731
425834
316587
357852
112681
96092
415637
166202
195791
210046
457665
417809
138860
147638
374125
9771
61129
64092
283763
226991
208315
234400
72625
110512
66101
60019
355067
37089
257258
125197
336765
77761
284530
257644
210037
396389
72759
82731
209735
92697
115203
139989
467124
95055
517416
334072
41826
64676
66488
247832
155423
503911
175283
86314
185104
145624
221557
65362
172283
307541
461206
162055
1079
259562
456476
238849
14566
186504
306589
249337
161004
380399
274218
127142
190618
8530
106314
237959
165191
90270
359511
14911
286339
316558
142203
112185
15454
241228
369786
248251
203826
449831
470866
485847
277241
175664
226050
501334
113234
14433
29673
132305
97556
367040
59905
181423
125999
117677
128594
426341
25369
16916
176634
337186
388664
223743
211150
482415
44842
154790
16682
358733
137437
107499
462533
444435
243435
404341
345493
84728
350432
183115
287045
14865
188921
496193
350760
12975
282618
118204
497981
312368
114878
236734
157698
16792
115110
375279
319450
78219
82820
238069
502734
83744
169823
162011
425506
217607
402108
72584
56955
139166
85085
174272
266060
404469
338311
272746
116717
386096
170310
93428
293752
112329
393375
158394
321751
90638
265560
127547
236595
194192
407739
133368
232105
238330
242016
240935
163190
249168
91587
56598
283977
52509
324267
103073
201623
341075
193165
86356
320182
165947
42448
443570
427474
181739
100781
59127
313991
166609
168773
302853
372432
389614
452445
402671
497316
67100
421717
392906
11554
407341
223706
505284
388392
335659
87361
374366
102604
474128
510915
284676
161907
367258
381076
136111
364710
69046
408802
215044
416211
40831
34359
169206
14862
331856
85766
97080
143057
411521
5452
17215
43029
483691
423901
108220
83945
433294
287282
310625
124219
329931
25265
337154
339829
177092
45713
48113
67190
224200
174815
400
214897
214388
308090
295783
369980
369756
370753
86710
257563
275014
83158
218528
276475
270068
150374
385462
296475
132736
490153
156305
503217
156851
273638
152030
465005
375913
171304
215067
46713
337521
38248
83395
117883
51478
366954
90230
176342
456656
110043
334913
202523
204852
3479
206636
240584
84263
334026
92798
48723
476802
481913
225680
305036
126062
115921
391283
396433
247808
116202
334556
44755
382435
314178
204383
170210
205353
77996
486771
61633
31311
535958
248027
221277
50304
453544
478247
30720
31810
507490
130948
72900
224176
71665
185876
318316
39914
26899
301020
89088
139906
7065
114820
349716
345128
188577
332092
73882
113960
330432
1825
223744
479060
132565
38437
74045
149032
332871
476026
193851
178684
69019
423979
308940
206176
338231
167712
306946
355130
373812
200288
201304
113019
245576
297269
152841
437729
280397
13763
420862
203819
372358
137046
504660
135097
235170
284620
175652
230154
424471
133445
22291
206641
254689
265580
271419
360193
102260
107123
65870
11538
269567
292914
333452
191782
221662
95626
179191
466569
290443
456405
27419
439212
67556
322505
296092
25226
271712
353617
16943
84588
217788
266766
45016
27695
59854
238142
382783
267146
386277
53583
423474
465509
215832
121393
124794
351327
13043
232322
348796
284458
311577
288
384270
77326
423997
13698
220858
185026
221408
111347
182008
414424
271647
144351
197303
148756
286006
271803
95116
199362
102655
80546
492251
88548
36710
437159
94635
152688
389468
486737
55918
126223
394520
72801
39404
234440
373997
4643
424174
210056
404969
26876
426948
125324
357226
108437
182864
489139
178472
163861
110640
112081
259048
225775
54916
299977
74768
197474
13115
105246
453869
264605
50104
162647
97291
235818
228043
117311
517873
120644
206367
369457
286683
296507
357866
523156
99547
441792
270866
78464
361315
251660
99675
42902
35332
129163
97973
74275
473386
53613
49658
237987
136571
437607
60146
236911
21095
412438
453539
382550
123594
71101
247413
262868
162917
193703
289545
98280
287088
269311
95801
366754
213723
16847
223501
60432
164678
224255
148589
8703
343688
174022
62176
67893
244348
277188
424189
453067
382793
207919
261006
106095
265203
324883
55959
123588
131139
21301
152895
111645
182064
337194
149628
80111
182772
173544
294406
167163
265630
511448
440609
465771
122888
448973
257133
227679
305971
31062
364355
380651
85895
37273
271744
101015
372125
86157
292539
130590
349486
443783
22104
165656
32805
292644
66860
197333
280663
360272
168689
65839
456448
277668
54854
216959
313896
335413
181492
447889
89543
17478
71208
149421
160911
294004
460683
205192
58058
283151
318022
168153
292814
35291
58857
236585
341916
206574
181805
313300
316637
46445
326105
54175
320622
152200
238565
