118 0.2015625 0.62265625 0.1390625 0.2234375
118 0.2125 0.815625 0.12734375 0.1421875
118 0.3328125 0.55859375 0.09453125 0.11328125
118 0.440625 0.73515625 0.1234375 0.19921875
118 0.34453125 0.7765625 0.1109375 0.1890625
118 0.32734375 0.90390625 0.1484375 0.17421875
118 0.534375 0.60625 0.10234375 0.1609375
118 0.6265625 0.7625 0.12265625 0.221875
118 0.48828125 0.4953125 0.11015625 0.1578125
118 0.40078125 0.60234375 0.09921875 0.13671875
118 0.3140625 0.3859375 0.1203125 0.159375
118 0.38828125 0.44375 0.0828125 0.13671875
118 0.571875 0.3734375 0.24375 0.18125
118 0.66015625 0.19609375 0.296875 0.19765625