118 0.4018676484375 0.59317443125 0.43159195937500006 0.5254604546875 0.40271691406250004 0.3643011921875 0.318639575 0.381906825 0.2725272015625 0.4320151671875 0.29316159218750004 0.5308775734375 0.32628296875 0.5511917656249999 0.4018676484375 0.59317443125
118 0.238808565625 0.62296858125 0.288065996875 0.5525460453125 0.271080675 0.46180931718749996 0.2185518765625 0.4347237265625 0.15897755625 0.5836944749999999 0.17001801562500002 0.62296858125 0.219275446875 0.6161971828125 0.238808565625 0.62296858125
118 0.3177903078125 0.9967497296875001 0.3313785640625 0.953412784375 0.3160917765625 0.8423618640624999 0.2804226015625 0.7245395453125 0.1517252828125 0.6974539546875 0.1173635203125 0.8369447453125 0.24475342812499998 0.91143011875 0.26343728125 0.9818526546875 0.3177903078125 0.9967497296875001
118 0.2785244609375 0.5742145171875 0.22861737343750002 0.70557963125 0.2999557203125 0.7854821234375 0.38743012499999996 0.6080715062500001 0.2785244609375 0.5742145171875
118 0.6940151703125 0.6622426875 0.6838239781250001 0.59317443125 0.6447577390625 0.5498374859374999 0.5436950781250001 0.526814734375 0.5190663625 0.5674431203125 0.57426865625 0.8396533046875 0.7025078312499999 0.8044420375 0.7262872796875001 0.738082340625 0.6940151703125 0.6622426875
118 0.5394487484375 0.620260021875 0.5122722343749999 0.566088840625 0.44178315156250003 0.55931744375 0.3908271890625 0.5877573125 0.35261021718749996 0.6825568796875 0.43074269374999996 0.75433369375 0.482547921875 0.6608884078124999 0.5343531515625 0.6852654390625 0.5394487484375 0.620260021875
118 0.9250155359375001 0.717768146875 0.8978390234375 0.5159804984374999 0.7874344359375 0.52952329375 0.81461095 0.7895449625000001 0.8655669125 0.8328819062499999 0.9190706750000001 0.8044420375 0.9250155359375001 0.717768146875
118 0.5012317765625001 0.89247020625 0.40271691406250004 0.8220476703124999 0.33222783125 0.9818526546875 0.4901913171875 0.99539545 0.5071766375 0.9290357531250001 0.5012317765625001 0.89247020625
118 0.531805353125 0.9872697718750001 0.5759671890625 0.9168472375000001 0.5768164546875 0.7191224265625 0.480000125 0.6649512453125 0.4298934265625 0.7516251359375 0.4341397578125 0.84777898125 0.50547810625 0.8911159265625 0.531805353125 0.9872697718750001
118 0.778092509375 0.86267605625 0.7305336109375 0.82881906875 0.58021351875 0.8884073671875001 0.5445443453125 0.9872697718750001 0.7008092984375 1 0.7865851703125 0.9818526546875 0.778092509375 0.86267605625
118 0.36195214375 0.34804983749999996 0.40781250937499997 0.3954496203125 0.4400846203125 0.463163596875 0.4451802171875 0.5200433375 0.43159195937500006 0.5281690140624999 0.587007646875 0.5349404109375 0.665989390625 0.5308775734375 0.7746954453125 0.5227518953125 0.797625628125 0.4916034671875 0.8180080140625 0.43607800625 0.715246821875 0.33721560156249997 0.5717208578124999 0.262730228125 0.4230992984375 0.281690140625 0.28127186718749997 0.33721560156249997 0.2991064546875 0.3466955578125 0.3177903078125 0.345341278125 0.36195214375 0.34804983749999996