24 0.4375 0.1234375 0.13671875 0.21640625
24 0.775 0.1875 0.1359375 0.24296875
24 0.94921875 0.12734375 0.10078125 0.215625
24 0.91328125 0.35078125 0.16171875 0.20078125
24 0.6625 0.34296875 0.1625 0.20234375
24 0.51171875 0.36171875 0.165625 0.18125
24 0.3296875 0.35390625 0.15625 0.1734375
24 0.3078125 0.19921875 0.15703125 0.1296875
24 0.20546875 0.428125 0.090625 0.14609375
24 0.2890625 0.6484375 0.15546875 0.26796875
24 0.43046875 0.5171875 0.09375 0.1609375
24 0.56015625 0.7046875 0.13984375 0.2
24 0.66640625 0.5484375 0.12109375 0.14921875
24 0.8671875 0.7578125 0.1953125 0.25234375
24 0.8859375 0.53828125 0.13359375 0.1546875
24 0.771875 0.43203125 0.0625 0.13359375
24 0.709375 0.82421875 0.11640625 0.19921875
24 0.40703125 0.88125 0.18828125 0.18359375
24 0.13125 0.775 0.17421875 0.15
24 0.15703125 0.60234375 0.1 0.14296875
24 0.103125 0.38125 0.13359375 0.14765625
24 0.06484375 0.2015625 0.1203125 0.175
24 0.1875 0.209375 0.08203125 0.17265625
24 0.1109375 0.06015625 0.19453125 0.10703125
24 0.296875 0.059375 0.14375 0.115625