38 0.33046875 0.2953125 0.13984375 0.1453125
38 0.48671875 0.2203125 0.1109375 0.15
38 0.5875 0.3265625 0.0625 0.2
38 0.67890625 0.2796875 0.1046875 0.146875
38 0.6796875 0.55546875 0.07265625 0.21953125
38 0.5578125 0.678125 0.12421875 0.128125
38 0.4640625 0.6171875 0.09609375 0.0984375
38 0.446875 0.49765625 0.0859375 0.13515625
38 0.3484375 0.4640625 0.12578125 0.1125
38 0.25625 0.53203125 0.08125 0.08984375
38 0.3140625 0.6625 0.1078125 0.13671875
38 0.409375 0.77890625 0.09609375 0.18671875
38 0.5046875 0.8015625 0.07265625 0.19296875
38 0.61953125 0.77890625 0.109375 0.06484375