38 0.8984375 0.44921875 0.12734375 0.24296875
38 0.84921875 0.7359375 0.1546875 0.29140625
38 0.721875 0.64921875 0.12109375 0.30078125
38 0.6328125 0.73515625 0.15859375 0.23125
38 0.61796875 0.90546875 0.2140625 0.1890625
38 0.434375 0.72578125 0.21328125 0.1234375
38 0.41484375 0.89609375 0.18125 0.1703125
38 0.27109375 0.8546875 0.11953125 0.26171875
38 0.1328125 0.67578125 0.12265625 0.240625
38 0.24765625 0.6125 0.0734375 0.20625
38 0.42890625 0.63984375 0.20703125 0.20234375
38 0.4046875 0.44921875 0.1046875 0.20390625
38 0.3046875 0.46953125 0.10390625 0.23359375
38 0.6109375 0.31171875 0.14375 0.10546875
38 0.53984375 0.17734375 0.125 0.18828125
38 0.61640625 0.45625 0.0890625 0.12890625