148 0.74921875 0.56015625 0.1125 0.134375
60 0.33359375 0.5875 0.153125 0.1234375
142 0.60546875 0.61328125 0.1296875 0.0515625
91 0.64921875 0.80859375 0.0953125 0.15
76 0.33359375 0.84765625 0.05625 0.1046875
23 0.60546875 0.89765625 0.26875 0.08125
121 0.365625 0.925 0.175 0.1234375
60 0.32421875 0.1796875 0.1640625 0.1515625
33 0.48828125 0.20390625 0.2 0.08125
18 0.61171875 0.21015625 0.1 0.0703125
154 0.73515625 0.21015625 0.1796875 0.0671875
146 0.38828125 0.4484375 0.1328125 0.0796875
85 0.69609375 0.453125 0.2 0.0484375
37 0.53984375 0.4578125 0.2015625 0.0671875