60 0.48203125 0.56171875 0.1390625 0.115625
28 0.36640625 0.61953125 0.1328125 0.059375
37 0.77265625 0.61640625 0.184375 0.0765625
142 0.5796875 0.62109375 0.140625 0.05
85 0.3703125 0.88359375 0.1484375 0.0828125
23 0.75859375 0.88046875 0.2015625 0.1
22 0.58828125 0.90390625 0.209375 0.090625
60 0.80390625 0.18671875 0.1234375 0.1015625
70 0.40859375 0.22265625 0.265625 0.05625
91 0.596875 0.39140625 0.1046875 0.1484375
144 0.4328125 0.44296875 0.2546875 0.0921875
154 0.56796875 0.459375 0.19375 0.0703125
72 0.7515625 0.4578125 0.1953125 0.0609375