48 0.67578125 0.47265625 0.1265625 0.0375
40 0.59453125 0.590625 0.1078125 0.05625
146 0.41171875 0.5984375 0.1234375 0.075
57 0.78125 0.60625 0.109375 0.053125
85 0.62421875 0.83515625 0.0734375 0.059375
42 0.446875 0.85546875 0.21875 0.0953125
23 0.75546875 0.87890625 0.15625 0.078125
85 0.60390625 0.9296875 0.075 0.04375
18 0.75859375 0.215625 0.1765625 0.05625
28 0.57421875 0.22890625 0.115625 0.0265625
91 0.7796875 0.4 0.103125 0.1453125
91 0.38203125 0.409375 0.0953125 0.165625
60 0.44375 0.428125 0.10625 0.1109375
49 0.6046875 0.4421875 0.065625 0.0578125
121 0.8140625 0.453125 0.1359375 0.0765625