142 0.33671875 0.47109375 0.13125 0.0390625
148 0.69609375 0.5625 0.1109375 0.134375
60 0.33125 0.59453125 0.125 0.125
94 0.45546875 0.59375 0.1390625 0.096875
154 0.6078125 0.60625 0.1578125 0.090625
33 0.69296875 0.821875 0.1578125 0.0921875
23 0.390625 0.89140625 0.2 0.103125
144 0.5484375 0.890625 0.2765625 0.14375
37 0.7640625 0.89609375 0.196875 0.1109375
148 0.584375 0.1828125 0.1171875 0.1234375
42 0.7453125 0.20234375 0.2078125 0.08125
146 0.36796875 0.2109375 0.16875 0.08125
76 0.35 0.425 0.05625 0.103125
150 0.51328125 0.45 0.2109375 0.078125
121 0.73203125 0.45078125 0.165625 0.0734375