142 0.3390625 0.4625 0.13125 0.0421875
148 0.69296875 0.57265625 0.1140625 0.1359375
60 0.3265625 0.58515625 0.128125 0.1265625
94 0.45078125 0.59140625 0.140625 0.1
154 0.60234375 0.61171875 0.159375 0.0921875
33 0.67578125 0.83125 0.159375 0.09375
23 0.3703125 0.884375 0.2015625 0.10625
144 0.52734375 0.89296875 0.278125 0.1484375
37 0.74296875 0.909375 0.1984375 0.1140625
148 0.60078125 0.1875 0.1203125 0.1265625
42 0.7609375 0.215625 0.209375 0.084375
146 0.3828125 0.2046875 0.1703125 0.084375
76 0.3546875 0.4171875 0.0578125 0.1046875
150 0.515625 0.45078125 0.2125 0.08125
121 0.734375 0.4625 0.1671875 0.0765625