42 0.73046875 0.5828125 0.21875 0.103125
121 0.54296875 0.6046875 0.1609375 0.0765625
142 0.4 0.6140625 0.11875 0.0609375
91 0.67421875 0.81171875 0.1 0.165625
49 0.3703125 0.87421875 0.0734375 0.071875
148 0.596875 0.8734375 0.1140625 0.1515625
76 0.39140625 0.8953125 0.0625 0.1109375
148 0.396875 0.18125 0.1109375 0.134375
40 0.71171875 0.20234375 0.0859375 0.0421875
150 0.68828125 0.440625 0.06875 0.046875
150 0.79453125 0.43984375 0.11875 0.08125
146 0.39140625 0.45625 0.1484375 0.084375
70 0.584375 0.4578125 0.253125 0.071875