148 0.7671875 0.57421875 0.115625 0.1359375
60 0.3515625 0.57578125 0.16875 0.115625
146 0.56484375 0.59375 0.1515625 0.0890625
91 0.6484375 0.82109375 0.096875 0.159375
49 0.34453125 0.8640625 0.0734375 0.0703125
76 0.36328125 0.8875 0.0640625 0.1109375
40 0.6015625 0.91796875 0.1390625 0.090625
42 0.73203125 0.2109375 0.221875 0.0890625
28 0.53046875 0.22421875 0.140625 0.0421875
60 0.40234375 0.4140625 0.1640625 0.1375
94 0.5765625 0.45078125 0.16875 0.103125
150 0.79453125 0.4609375 0.134375 0.0734375
150 0.6859375 0.4609375 0.075 0.059375