23 0.740625 0.47890625 0.2296875 0.065625
148 0.7359375 0.58046875 0.1109375 0.140625
60 0.3265625 0.57578125 0.1265625 0.121875
99 0.4484375 0.596875 0.1546875 0.1078125
22 0.62265625 0.61640625 0.1984375 0.0921875
49 0.74453125 0.63125 0.0828125 0.0703125
33 0.66796875 0.8390625 0.15625 0.1046875
76 0.31953125 0.834375 0.0625 0.1015625
28 0.528125 0.89140625 0.14375 0.0859375
85 0.6953125 0.91640625 0.2109375 0.09375
74 0.36328125 0.93046875 0.2375 0.1078125
142 0.625 0.9671875 0.16875 0.0625
91 0.53125 0.16328125 0.1203125 0.196875
148 0.39296875 0.1734375 0.128125 0.1328125
121 0.70546875 0.22734375 0.165625 0.071875
150 0.5140625 0.45 0.2234375 0.0984375
64 0.35546875 0.45078125 0.0984375 0.059375