146 0.3828125 0.57421875 0.140625 0.0859375
42 0.74921875 0.6125 0.190625 0.1
37 0.54296875 0.61640625 0.23125 0.08125
72 0.7171875 0.91015625 0.1921875 0.1109375
74 0.38984375 0.90546875 0.178125 0.0828125
40 0.59609375 0.2140625 0.084375 0.0515625
121 0.40390625 0.21171875 0.1703125 0.0609375
64 0.72578125 0.225 0.103125 0.059375
85 0.81171875 0.2328125 0.1453125 0.0484375
33 0.40546875 0.41484375 0.1640625 0.0625
76 0.75234375 0.4375 0.0640625 0.1203125
154 0.56953125 0.446875 0.1421875 0.08125
150 0.41171875 0.45625 0.2796875 0.0859375