99 0.56171875 0.46796875 0.0875 0.053125
60 0.409375 0.56328125 0.1640625 0.13125
146 0.359375 0.6 0.146875 0.1
42 0.7625 0.61171875 0.196875 0.0890625
37 0.55 0.6140625 0.2203125 0.071875
22 0.78203125 0.87890625 0.1765625 0.1265625
74 0.4 0.90234375 0.190625 0.0859375
49 0.62578125 0.92109375 0.0875 0.078125
76 0.65859375 0.18515625 0.0734375 0.115625
33 0.38984375 0.1953125 0.2125 0.0796875
40 0.6015625 0.21640625 0.109375 0.053125
28 0.76484375 0.23203125 0.1375 0.0328125
154 0.55546875 0.44609375 0.146875 0.0703125
150 0.72109375 0.4625 0.2421875 0.078125
23 0.37890625 0.46015625 0.19375 0.0578125