60 0.47109375 0.56171875 0.13125 0.1234375
121 0.5921875 0.60390625 0.178125 0.090625
22 0.3671875 0.60859375 0.1625 0.0859375
146 0.50625 0.8640625 0.1703125 0.0984375
85 0.359375 0.88359375 0.121875 0.0796875
23 0.76015625 0.8796875 0.20625 0.0984375
148 0.37421875 0.17734375 0.1046875 0.1328125
60 0.79296875 0.1875 0.1421875 0.103125
154 0.528125 0.21328125 0.175 0.065625
91 0.58984375 0.39765625 0.109375 0.1546875
144 0.40859375 0.4515625 0.278125 0.0953125
49 0.72734375 0.45234375 0.078125 0.0625