148 0.74921875 0.56015625 0.109375 0.134375
60 0.32890625 0.58984375 0.1390625 0.11875
142 0.60625 0.6125 0.1265625 0.0421875
91 0.6453125 0.80859375 0.090625 0.15625
76 0.3328125 0.84609375 0.0546875 0.1015625
23 0.60390625 0.90078125 0.2609375 0.0828125
121 0.37265625 0.92734375 0.1671875 0.1234375
60 0.3234375 0.17578125 0.1609375 0.153125
33 0.48828125 0.20390625 0.1953125 0.08125
154 0.7296875 0.21015625 0.196875 0.071875
40 0.6875 0.4421875 0.1203125 0.059375
146 0.3890625 0.45 0.140625 0.0828125