23 0.775 0.46328125 0.2125 0.05625
99 0.3703125 0.58515625 0.1515625 0.109375
144 0.52265625 0.59921875 0.2671875 0.0921875
70 0.7640625 0.59453125 0.2453125 0.1
94 0.58515625 0.8515625 0.1984375 0.1
76 0.725 0.8640625 0.0640625 0.0984375
121 0.39453125 0.89375 0.171875 0.1140625
150 0.6921875 0.9203125 0.3484375 0.1390625
146 0.7546875 0.20078125 0.1484375 0.06875
85 0.375 0.2234375 0.1359375 0.0421875
28 0.571875 0.2203125 0.1421875 0.04375
154 0.559375 0.44140625 0.165625 0.0796875
40 0.39921875 0.453125 0.14375 0.0625