55 0.81640625 0.61796875 0.13515625 0.17734375
55 0.2609375 0.3578125 0.11171875 0.1328125
55 0.13125 0.50703125 0.1046875 0.15703125
55 0.4484375 0.43671875 0.1359375 0.17421875
55 0.3015625 0.51796875 0.14765625 0.13203125
55 0.65546875 0.484375 0.13671875 0.15859375
55 0.49296875 0.70703125 0.128125 0.1453125
55 0.64765625 0.6328125 0.13515625 0.14453125
55 0.3703125 0.6546875 0.121875 0.165625
55 0.5328125 0.55859375 0.1203125 0.15546875
55 0.5734375 0.3609375 0.12421875 0.09609375
55 0.9109375 0.55234375 0.08359375 0.1625
55 0.73203125 0.3625 0.10390625 0.1078125
55 0.590625 0.04921875 0.1 0.09765625