13 0.53359375 0.578125 0.0609375 0.10625
13 0.51015625 0.503125 0.0578125 0.084375
13 0.515625 0.6625 0.065625 0.0875
13 0.48671875 0.609375 0.0359375 0.059375
3 0.29609375 0.71796875 0.0828125 0.10625
3 0.3 0.6 0.075 0.109375
3 0.49375 0.415625 0.06875 0.08125
3 0.47421875 0.503125 0.0265625 0.078125
16 0.55703125 0.40703125 0.0578125 0.084375
16 0.565625 0.26796875 0.059375 0.103125
16 0.5359375 0.3 0.04375 0.078125
16 0.5484375 0.190625 0.059375 0.08125
7 0.3078125 0.44765625 0.046875 0.084375
7 0.11640625 0.18203125 0.0453125 0.084375
5 0.66953125 0.41953125 0.1203125 0.10625
5 0.77265625 0.47421875 0.0859375 0.24375
7 0.81015625 0.19375 0.1328125 0.225