16 0.32890625 0.16796875 0.0671875 0.109375
16 0.32109375 0.278125 0.0765625 0.134375
16 0.3296875 0.4 0.065625 0.125
3 0.32421875 0.559375 0.0703125 0.11875
3 0.31796875 0.625 0.0640625 0.071875
3 0.31796875 0.69921875 0.0703125 0.11875
13 0.56484375 0.60546875 0.0671875 0.109375
13 0.56171875 0.71640625 0.0734375 0.1
13 0.534375 0.51796875 0.05 0.071875
13 0.525 0.61015625 0.03125 0.1
7 0.7859375 0.32578125 0.1375 0.10625
7 0.765625 0.44765625 0.11875 0.171875
7 0.8015625 0.47890625 0.109375 0.225