13 0.80859375 0.87265625 0.1625 0.1109375
13 0.65078125 0.8546875 0.15625 0.1125
13 0.46875 0.25625 0.084375 0.06875
13 0.375 0.2546875 0.075 0.06875
3 0.49453125 0.84296875 0.14375 0.0921875
3 0.61640625 0.44609375 0.1125 0.0703125
3 0.51953125 0.453125 0.078125 0.05625
3 0.28203125 0.82109375 0.078125 0.0609375
5 0.24765625 0.88125 0.240625 0.159375
5 0.73125 0.08984375 0.3796875 0.1546875
7 0.15078125 0.10546875 0.234375 0.1859375
7 0.61328125 0.38671875 0.25625 0.0984375
7 0.48359375 0.37265625 0.165625 0.1078125
16 0.47265625 0.4609375 0.065625 0.05
16 0.41015625 0.4359375 0.075 0.053125
16 0.659375 0.63203125 0.109375 0.0640625
16 0.56328125 0.63828125 0.103125 0.0734375