3 0.44140625 0.65703125 0.0796875 0.10625
3 0.45859375 0.609375 0.0640625 0.090625
3 0.46171875 0.51796875 0.0578125 0.06875
3 0.14921875 0.409375 0.0890625 0.10625
16 0.66015625 0.69140625 0.0640625 0.103125
16 0.665625 0.59140625 0.078125 0.109375
16 0.47421875 0.46484375 0.0453125 0.059375
16 0.45 0.4375 0.04375 0.040625
5 0.44921875 0.35390625 0.1265625 0.2
5 0.1265625 0.75703125 0.125 0.384375
7 0.128125 0.17734375 0.140625 0.171875
7 0.8390625 0.44375 0.0375 0.096875
7 0.85234375 0.321875 0.0359375 0.184375
13 0.8765625 0.81953125 0.096875 0.1609375
13 0.86953125 0.678125 0.0828125 0.115625
13 0.27109375 0.465625 0.0703125 0.090625
13 0.26953125 0.38125 0.0546875 0.071875