7 0.63125 0.33828125 0.05625 0.390625
7 0.63984375 0.68125 0.0359375 0.303125
16 0.66796875 0.29140625 0.0171875 0.0875
16 0.6640625 0.37265625 0.009375 0.078125
16 0.66953125 0.47578125 0.0203125 0.090625
3 0.13828125 0.4625 0.0765625 0.115625
3 0.1421875 0.57265625 0.08125 0.121875
3 0.16953125 0.65625 0.0828125 0.1046875
3 0.290625 0.48203125 0.053125 0.071875
13 0.25390625 0.32578125 0.0671875 0.078125
13 0.19453125 0.49375 0.0578125 0.096875
13 0.465625 0.34453125 0.04375 0.090625
13 0.459375 0.434375 0.0375 0.08125