2 0.396875 0.4875 0.37265625 0.4359375
2 0.240625 0.77421875 0.26015625 0.33046875
2 0.1640625 0.49296875 0.1875 0.26484375
2 0.16953125 0.27265625 0.17265625 0.196875
2 0.06484375 0.30390625 0.1296875 0.25859375
2 0.66484375 0.11875 0.2203125 0.2375
2 0.87109375 0.20859375 0.25703125 0.321875
2 0.51953125 0.28046875 0.2109375 0.28828125
2 0.32734375 0.1390625 0.1890625 0.25859375
2 0.4890625 0.12265625 0.171875 0.21171875
2 0.17734375 0.134375 0.1609375 0.16171875
2 0.9109375 0.5984375 0.178125 0.49453125
2 0.74765625 0.4765625 0.275 0.30859375
2 0.74609375 0.75625 0.21796875 0.27578125
2 0.87578125 0.90234375 0.2484375 0.1953125
2 0.6484375 0.915625 0.2203125 0.16796875
2 0.41875 0.91328125 0.215625 0.1734375
2 0.08515625 0.88359375 0.1703125 0.2328125