159 0.56875 0.5484375 0.1984375 0.18203125
159 0.821875 0.5765625 0.2609375 0.22265625
159 0.65390625 0.65703125 0.28046875 0.128125
159 0.5609375 0.76015625 0.24921875 0.1984375
159 0.29453125 0.725 0.32265625 0.2046875
159 0.0765625 0.6671875 0.153125 0.1703125
159 0.32578125 0.58046875 0.30234375 0.16015625
159 0.11953125 0.4515625 0.23828125 0.21875
159 0.34453125 0.428125 0.284375 0.20390625
159 0.67734375 0.42890625 0.24375 0.2015625
159 0.49296875 0.30546875 0.25234375 0.15546875
159 0.2453125 0.296875 0.259375 0.1453125